104 ; 15000.00 ; 30 ; 2 
104 ; 15000.00 ; 30 ; 2 
105 ; 100000.00 ; 200 ; 8 
105 ; 100000.00 ; 200 ; 8 
105 ; 100000.00 ; 200 ; 8 
105 ; 100000.00 ; 200 ; 8 
105 ; 100000.00 ; 200 ; 8 
105 ; 100000.00 ; 200 ; 8 
105 ; 100000.00 ; 200 ; 8 
105 ; 100000.00 ; 200 ; 8 
106 ; 45000.00 ; 75 ; 5 
106 ; 45000.00 ; 75 ; 5 
106 ; 45000.00 ; 75 ; 5 
106 ; 45000.00 ; 75 ; 5 
106 ; 45000.00 ; 75 ; 5 
107 ; 15000.00 ; 15 ; 1 
108 ; 125000.00 ; 250 ; 10 
108 ; 125000.00 ; 250 ; 10 
108 ; 125000.00 ; 250 ; 10 
108 ; 125000.00 ; 250 ; 10 
108 ; 125000.00 ; 250 ; 10 
108 ; 125000.00 ; 250 ; 10 
108 ; 125000.00 ; 250 ; 10 
108 ; 125000.00 ; 250 ; 10 
108 ; 125000.00 ; 250 ; 10 
108 ; 125000.00 ; 250 ; 10 
109 ; 45000.00 ; 75 ; 5 
109 ; 45000.00 ; 75 ; 5 
109 ; 45000.00 ; 75 ; 5 
109 ; 45000.00 ; 75 ; 5 
109 ; 45000.00 ; 75 ; 5 
110 ; 125000.00 ; 225 ; 9 
110 ; 125000.00 ; 225 ; 9 
110 ; 125000.00 ; 225 ; 9 
110 ; 125000.00 ; 225 ; 9 
110 ; 125000.00 ; 225 ; 9 
110 ; 125000.00 ; 225 ; 9 
110 ; 125000.00 ; 225 ; 9 
110 ; 125000.00 ; 225 ; 9 
110 ; 125000.00 ; 225 ; 9 
111 ; 125000.00 ; 225 ; 9 
111 ; 125000.00 ; 225 ; 9 
111 ; 125000.00 ; 225 ; 9 
111 ; 125000.00 ; 225 ; 9 
111 ; 125000.00 ; 225 ; 9 
111 ; 125000.00 ; 225 ; 9 
111 ; 125000.00 ; 225 ; 9 
111 ; 125000.00 ; 225 ; 9 
111 ; 125000.00 ; 225 ; 9 
112 ; 30000.00 ; 45 ; 3 
112 ; 30000.00 ; 45 ; 3 
112 ; 30000.00 ; 45 ; 3 
113 ; 45000.00 ; 75 ; 5 
113 ; 45000.00 ; 75 ; 5 
113 ; 45000.00 ; 75 ; 5 
113 ; 45000.00 ; 75 ; 5 
113 ; 45000.00 ; 75 ; 5 
114 ; 75000.00 ; 150 ; 6 
114 ; 75000.00 ; 150 ; 6 
114 ; 75000.00 ; 150 ; 6 
114 ; 75000.00 ; 150 ; 6 
114 ; 75000.00 ; 150 ; 6 
114 ; 75000.00 ; 150 ; 6 
115 ; 75000.00 ; 150 ; 6 
115 ; 75000.00 ; 150 ; 6 
115 ; 75000.00 ; 150 ; 6 
115 ; 75000.00 ; 150 ; 6 
115 ; 75000.00 ; 150 ; 6 
115 ; 75000.00 ; 150 ; 6 
116 ; 15000.00 ; 30 ; 2 
116 ; 15000.00 ; 30 ; 2 
117 ; 100000.00 ; 200 ; 8 
117 ; 100000.00 ; 200 ; 8 
117 ; 100000.00 ; 200 ; 8 
117 ; 100000.00 ; 200 ; 8 
117 ; 100000.00 ; 200 ; 8 
117 ; 100000.00 ; 200 ; 8 
117 ; 100000.00 ; 200 ; 8 
117 ; 100000.00 ; 200 ; 8 
118 ; 15000.00 ; 30 ; 2 
118 ; 15000.00 ; 30 ; 2 
119 ; 15000.00 ; 30 ; 2 
119 ; 15000.00 ; 30 ; 2 
120 ; 75000.00 ; 150 ; 6 
120 ; 75000.00 ; 150 ; 6 
120 ; 75000.00 ; 150 ; 6 
120 ; 75000.00 ; 150 ; 6 
120 ; 75000.00 ; 150 ; 6 
120 ; 75000.00 ; 150 ; 6 
121 ; 30000.00 ; 45 ; 3 
121 ; 30000.00 ; 45 ; 3 
121 ; 30000.00 ; 45 ; 3 
122 ; 100000.00 ; 200 ; 8 
122 ; 100000.00 ; 200 ; 8 
122 ; 100000.00 ; 200 ; 8 
122 ; 100000.00 ; 200 ; 8 
122 ; 100000.00 ; 200 ; 8 
122 ; 100000.00 ; 200 ; 8 
122 ; 100000.00 ; 200 ; 8 
122 ; 100000.00 ; 200 ; 8 
123 ; 100000.00 ; 175 ; 7 
123 ; 100000.00 ; 175 ; 7 
123 ; 100000.00 ; 175 ; 7 
123 ; 100000.00 ; 175 ; 7 
123 ; 100000.00 ; 175 ; 7 
123 ; 100000.00 ; 175 ; 7 
123 ; 100000.00 ; 175 ; 7 
124 ; 15000.00 ; 30 ; 2 
124 ; 15000.00 ; 30 ; 2 
125 ; 45000.00 ; 75 ; 5 
125 ; 45000.00 ; 75 ; 5 
125 ; 45000.00 ; 75 ; 5 
125 ; 45000.00 ; 75 ; 5 
125 ; 45000.00 ; 75 ; 5 
126 ; 30000.00 ; 45 ; 3 
126 ; 30000.00 ; 45 ; 3 
126 ; 30000.00 ; 45 ; 3 
127 ; 30000.00 ; 60 ; 4 
127 ; 30000.00 ; 60 ; 4 
127 ; 30000.00 ; 60 ; 4 
127 ; 30000.00 ; 60 ; 4 
128 ; 30000.00 ; 45 ; 3 
128 ; 30000.00 ; 45 ; 3 
128 ; 30000.00 ; 45 ; 3 
129 ; 30000.00 ; 45 ; 3 
129 ; 30000.00 ; 45 ; 3 
129 ; 30000.00 ; 45 ; 3 
130 ; 15000.00 ; 30 ; 2 
130 ; 15000.00 ; 30 ; 2 
131 ; 100000.00 ; 175 ; 7 
131 ; 100000.00 ; 175 ; 7 
131 ; 100000.00 ; 175 ; 7 
131 ; 100000.00 ; 175 ; 7 
131 ; 100000.00 ; 175 ; 7 
131 ; 100000.00 ; 175 ; 7 
131 ; 100000.00 ; 175 ; 7 
132 ; 125000.00 ; 225 ; 9 
132 ; 125000.00 ; 225 ; 9 
132 ; 125000.00 ; 225 ; 9 
132 ; 125000.00 ; 225 ; 9 
132 ; 125000.00 ; 225 ; 9 
132 ; 125000.00 ; 225 ; 9 
132 ; 125000.00 ; 225 ; 9 
132 ; 125000.00 ; 225 ; 9 
132 ; 125000.00 ; 225 ; 9 
133 ; 75000.00 ; 150 ; 6 
133 ; 75000.00 ; 150 ; 6 
133 ; 75000.00 ; 150 ; 6 
133 ; 75000.00 ; 150 ; 6 
133 ; 75000.00 ; 150 ; 6 
133 ; 75000.00 ; 150 ; 6 
134 ; 100000.00 ; 200 ; 8 
134 ; 100000.00 ; 200 ; 8 
134 ; 100000.00 ; 200 ; 8 
134 ; 100000.00 ; 200 ; 8 
134 ; 100000.00 ; 200 ; 8 
134 ; 100000.00 ; 200 ; 8 
134 ; 100000.00 ; 200 ; 8 
134 ; 100000.00 ; 200 ; 8 
135 ; 100000.00 ; 175 ; 7 
135 ; 100000.00 ; 175 ; 7 
135 ; 100000.00 ; 175 ; 7 
135 ; 100000.00 ; 175 ; 7 
135 ; 100000.00 ; 175 ; 7 
135 ; 100000.00 ; 175 ; 7 
135 ; 100000.00 ; 175 ; 7 
136 ; 15000.00 ; 30 ; 2 
136 ; 15000.00 ; 30 ; 2 
137 ; 125000.00 ; 225 ; 9 
137 ; 125000.00 ; 225 ; 9 
137 ; 125000.00 ; 225 ; 9 
137 ; 125000.00 ; 225 ; 9 
137 ; 125000.00 ; 225 ; 9 
137 ; 125000.00 ; 225 ; 9 
137 ; 125000.00 ; 225 ; 9 
137 ; 125000.00 ; 225 ; 9 
137 ; 125000.00 ; 225 ; 9 
138 ; 125000.00 ; 250 ; 10 
138 ; 125000.00 ; 250 ; 10 
138 ; 125000.00 ; 250 ; 10 
138 ; 125000.00 ; 250 ; 10 
138 ; 125000.00 ; 250 ; 10 
138 ; 125000.00 ; 250 ; 10 
138 ; 125000.00 ; 250 ; 10 
138 ; 125000.00 ; 250 ; 10 
138 ; 125000.00 ; 250 ; 10 
138 ; 125000.00 ; 250 ; 10 
139 ; 30000.00 ; 45 ; 3 
139 ; 30000.00 ; 45 ; 3 
139 ; 30000.00 ; 45 ; 3 
140 ; 100000.00 ; 200 ; 8 
140 ; 100000.00 ; 200 ; 8 
140 ; 100000.00 ; 200 ; 8 
140 ; 100000.00 ; 200 ; 8 
140 ; 100000.00 ; 200 ; 8 
140 ; 100000.00 ; 200 ; 8 
140 ; 100000.00 ; 200 ; 8 
140 ; 100000.00 ; 200 ; 8 
141 ; 125000.00 ; 250 ; 10 
141 ; 125000.00 ; 250 ; 10 
141 ; 125000.00 ; 250 ; 10 
141 ; 125000.00 ; 250 ; 10 
141 ; 125000.00 ; 250 ; 10 
141 ; 125000.00 ; 250 ; 10 
141 ; 125000.00 ; 250 ; 10 
141 ; 125000.00 ; 250 ; 10 
141 ; 125000.00 ; 250 ; 10 
141 ; 125000.00 ; 250 ; 10 
142 ; 75000.00 ; 150 ; 6 
142 ; 75000.00 ; 150 ; 6 
142 ; 75000.00 ; 150 ; 6 
142 ; 75000.00 ; 150 ; 6 
142 ; 75000.00 ; 150 ; 6 
142 ; 75000.00 ; 150 ; 6 
143 ; 45000.00 ; 75 ; 5 
143 ; 45000.00 ; 75 ; 5 
143 ; 45000.00 ; 75 ; 5 
143 ; 45000.00 ; 75 ; 5 
143 ; 45000.00 ; 75 ; 5 
144 ; 30000.00 ; 60 ; 4 
144 ; 30000.00 ; 60 ; 4 
144 ; 30000.00 ; 60 ; 4 
144 ; 30000.00 ; 60 ; 4 
145 ; 15000.00 ; 30 ; 2 
145 ; 15000.00 ; 30 ; 2 
146 ; 30000.00 ; 45 ; 3 
146 ; 30000.00 ; 45 ; 3 
146 ; 30000.00 ; 45 ; 3 
147 ; 30000.00 ; 60 ; 4 
147 ; 30000.00 ; 60 ; 4 
147 ; 30000.00 ; 60 ; 4 
147 ; 30000.00 ; 60 ; 4 
148 ; 30000.00 ; 60 ; 4 
148 ; 30000.00 ; 60 ; 4 
148 ; 30000.00 ; 60 ; 4 
148 ; 30000.00 ; 60 ; 4 
149 ; 45000.00 ; 75 ; 5 
149 ; 45000.00 ; 75 ; 5 
149 ; 45000.00 ; 75 ; 5 
149 ; 45000.00 ; 75 ; 5 
149 ; 45000.00 ; 75 ; 5 
150 ; 15000.00 ; 30 ; 2 
150 ; 15000.00 ; 30 ; 2 
151 ; 15000.00 ; 30 ; 2 
151 ; 15000.00 ; 30 ; 2 
152 ; 30000.00 ; 60 ; 4 
152 ; 30000.00 ; 60 ; 4 
152 ; 30000.00 ; 60 ; 4 
152 ; 30000.00 ; 60 ; 4 
153 ; 125000.00 ; 225 ; 9 
153 ; 125000.00 ; 225 ; 9 
153 ; 125000.00 ; 225 ; 9 
153 ; 125000.00 ; 225 ; 9 
153 ; 125000.00 ; 225 ; 9 
153 ; 125000.00 ; 225 ; 9 
153 ; 125000.00 ; 225 ; 9 
153 ; 125000.00 ; 225 ; 9 
153 ; 125000.00 ; 225 ; 9 
154 ; 100000.00 ; 200 ; 8 
154 ; 100000.00 ; 200 ; 8 
154 ; 100000.00 ; 200 ; 8 
154 ; 100000.00 ; 200 ; 8 
154 ; 100000.00 ; 200 ; 8 
154 ; 100000.00 ; 200 ; 8 
154 ; 100000.00 ; 200 ; 8 
154 ; 100000.00 ; 200 ; 8 
155 ; 45000.00 ; 75 ; 5 
155 ; 45000.00 ; 75 ; 5 
155 ; 45000.00 ; 75 ; 5 
155 ; 45000.00 ; 75 ; 5 
155 ; 45000.00 ; 75 ; 5 
156 ; 30000.00 ; 45 ; 3 
156 ; 30000.00 ; 45 ; 3 
156 ; 30000.00 ; 45 ; 3 
157 ; 100000.00 ; 200 ; 8 
157 ; 100000.00 ; 200 ; 8 
157 ; 100000.00 ; 200 ; 8 
157 ; 100000.00 ; 200 ; 8 
157 ; 100000.00 ; 200 ; 8 
157 ; 100000.00 ; 200 ; 8 
157 ; 100000.00 ; 200 ; 8 
157 ; 100000.00 ; 200 ; 8 
158 ; 100000.00 ; 200 ; 8 
158 ; 100000.00 ; 200 ; 8 
158 ; 100000.00 ; 200 ; 8 
158 ; 100000.00 ; 200 ; 8 
158 ; 100000.00 ; 200 ; 8 
158 ; 100000.00 ; 200 ; 8 
158 ; 100000.00 ; 200 ; 8 
158 ; 100000.00 ; 200 ; 8 
159 ; 125000.00 ; 250 ; 10 
159 ; 125000.00 ; 250 ; 10 
159 ; 125000.00 ; 250 ; 10 
159 ; 125000.00 ; 250 ; 10 
159 ; 125000.00 ; 250 ; 10 
159 ; 125000.00 ; 250 ; 10 
159 ; 125000.00 ; 250 ; 10 
159 ; 125000.00 ; 250 ; 10 
159 ; 125000.00 ; 250 ; 10 
159 ; 125000.00 ; 250 ; 10 
160 ; 30000.00 ; 60 ; 4 
160 ; 30000.00 ; 60 ; 4 
160 ; 30000.00 ; 60 ; 4 
160 ; 30000.00 ; 60 ; 4 
161 ; 15000.00 ; 30 ; 2 
161 ; 15000.00 ; 30 ; 2 
162 ; 125000.00 ; 250 ; 10 
162 ; 125000.00 ; 250 ; 10 
162 ; 125000.00 ; 250 ; 10 
162 ; 125000.00 ; 250 ; 10 
162 ; 125000.00 ; 250 ; 10 
162 ; 125000.00 ; 250 ; 10 
162 ; 125000.00 ; 250 ; 10 
162 ; 125000.00 ; 250 ; 10 
162 ; 125000.00 ; 250 ; 10 
162 ; 125000.00 ; 250 ; 10 
163 ; 125000.00 ; 225 ; 9 
163 ; 125000.00 ; 225 ; 9 
163 ; 125000.00 ; 225 ; 9 
163 ; 125000.00 ; 225 ; 9 
163 ; 125000.00 ; 225 ; 9 
163 ; 125000.00 ; 225 ; 9 
163 ; 125000.00 ; 225 ; 9 
163 ; 125000.00 ; 225 ; 9 
163 ; 125000.00 ; 225 ; 9 
164 ; 100000.00 ; 175 ; 7 
164 ; 100000.00 ; 175 ; 7 
164 ; 100000.00 ; 175 ; 7 
164 ; 100000.00 ; 175 ; 7 
164 ; 100000.00 ; 175 ; 7 
164 ; 100000.00 ; 175 ; 7 
164 ; 100000.00 ; 175 ; 7 
165 ; 75000.00 ; 150 ; 6 
165 ; 75000.00 ; 150 ; 6 
165 ; 75000.00 ; 150 ; 6 
165 ; 75000.00 ; 150 ; 6 
165 ; 75000.00 ; 150 ; 6 
165 ; 75000.00 ; 150 ; 6 
166 ; 15000.00 ; 15 ; 1 
167 ; 30000.00 ; 45 ; 3 
167 ; 30000.00 ; 45 ; 3 
167 ; 30000.00 ; 45 ; 3 
168 ; 125000.00 ; 225 ; 9 
168 ; 125000.00 ; 225 ; 9 
168 ; 125000.00 ; 225 ; 9 
168 ; 125000.00 ; 225 ; 9 
168 ; 125000.00 ; 225 ; 9 
168 ; 125000.00 ; 225 ; 9 
168 ; 125000.00 ; 225 ; 9 
168 ; 125000.00 ; 225 ; 9 
168 ; 125000.00 ; 225 ; 9 
169 ; 100000.00 ; 175 ; 7 
169 ; 100000.00 ; 175 ; 7 
169 ; 100000.00 ; 175 ; 7 
169 ; 100000.00 ; 175 ; 7 
169 ; 100000.00 ; 175 ; 7 
169 ; 100000.00 ; 175 ; 7 
169 ; 100000.00 ; 175 ; 7 
170 ; 15000.00 ; 15 ; 1 
171 ; 30000.00 ; 45 ; 3 
171 ; 30000.00 ; 45 ; 3 
171 ; 30000.00 ; 45 ; 3 
172 ; 45000.00 ; 75 ; 5 
172 ; 45000.00 ; 75 ; 5 
172 ; 45000.00 ; 75 ; 5 
172 ; 45000.00 ; 75 ; 5 
172 ; 45000.00 ; 75 ; 5 
173 ; 125000.00 ; 225 ; 9 
173 ; 125000.00 ; 225 ; 9 
173 ; 125000.00 ; 225 ; 9 
173 ; 125000.00 ; 225 ; 9 
173 ; 125000.00 ; 225 ; 9 
173 ; 125000.00 ; 225 ; 9 
173 ; 125000.00 ; 225 ; 9 
173 ; 125000.00 ; 225 ; 9 
173 ; 125000.00 ; 225 ; 9 
174 ; 100000.00 ; 175 ; 7 
174 ; 100000.00 ; 175 ; 7 
174 ; 100000.00 ; 175 ; 7 
174 ; 100000.00 ; 175 ; 7 
174 ; 100000.00 ; 175 ; 7 
174 ; 100000.00 ; 175 ; 7 
174 ; 100000.00 ; 175 ; 7 
175 ; 75000.00 ; 150 ; 6 
175 ; 75000.00 ; 150 ; 6 
175 ; 75000.00 ; 150 ; 6 
175 ; 75000.00 ; 150 ; 6 
175 ; 75000.00 ; 150 ; 6 
175 ; 75000.00 ; 150 ; 6 
176 ; 15000.00 ; 15 ; 1 
177 ; 125000.00 ; 250 ; 10 
177 ; 125000.00 ; 250 ; 10 
177 ; 125000.00 ; 250 ; 10 
177 ; 125000.00 ; 250 ; 10 
177 ; 125000.00 ; 250 ; 10 
177 ; 125000.00 ; 250 ; 10 
177 ; 125000.00 ; 250 ; 10 
177 ; 125000.00 ; 250 ; 10 
177 ; 125000.00 ; 250 ; 10 
177 ; 125000.00 ; 250 ; 10 
178 ; 15000.00 ; 15 ; 1 
179 ; 15000.00 ; 15 ; 1 
180 ; 100000.00 ; 175 ; 7 
180 ; 100000.00 ; 175 ; 7 
180 ; 100000.00 ; 175 ; 7 
180 ; 100000.00 ; 175 ; 7 
180 ; 100000.00 ; 175 ; 7 
180 ; 100000.00 ; 175 ; 7 
180 ; 100000.00 ; 175 ; 7 
181 ; 15000.00 ; 30 ; 2 
181 ; 15000.00 ; 30 ; 2 
182 ; 30000.00 ; 60 ; 4 
182 ; 30000.00 ; 60 ; 4 
182 ; 30000.00 ; 60 ; 4 
182 ; 30000.00 ; 60 ; 4 
183 ; 125000.00 ; 225 ; 9 
183 ; 125000.00 ; 225 ; 9 
183 ; 125000.00 ; 225 ; 9 
183 ; 125000.00 ; 225 ; 9 
183 ; 125000.00 ; 225 ; 9 
183 ; 125000.00 ; 225 ; 9 
183 ; 125000.00 ; 225 ; 9 
183 ; 125000.00 ; 225 ; 9 
183 ; 125000.00 ; 225 ; 9 
184 ; 125000.00 ; 250 ; 10 
184 ; 125000.00 ; 250 ; 10 
184 ; 125000.00 ; 250 ; 10 
184 ; 125000.00 ; 250 ; 10 
184 ; 125000.00 ; 250 ; 10 
184 ; 125000.00 ; 250 ; 10 
184 ; 125000.00 ; 250 ; 10 
184 ; 125000.00 ; 250 ; 10 
184 ; 125000.00 ; 250 ; 10 
184 ; 125000.00 ; 250 ; 10 
185 ; 30000.00 ; 60 ; 4 
185 ; 30000.00 ; 60 ; 4 
185 ; 30000.00 ; 60 ; 4 
185 ; 30000.00 ; 60 ; 4 
186 ; 45000.00 ; 75 ; 5 
186 ; 45000.00 ; 75 ; 5 
186 ; 45000.00 ; 75 ; 5 
186 ; 45000.00 ; 75 ; 5 
186 ; 45000.00 ; 75 ; 5 
187 ; 45000.00 ; 75 ; 5 
187 ; 45000.00 ; 75 ; 5 
187 ; 45000.00 ; 75 ; 5 
187 ; 45000.00 ; 75 ; 5 
187 ; 45000.00 ; 75 ; 5 
188 ; 100000.00 ; 175 ; 7 
188 ; 100000.00 ; 175 ; 7 
188 ; 100000.00 ; 175 ; 7 
188 ; 100000.00 ; 175 ; 7 
188 ; 100000.00 ; 175 ; 7 
188 ; 100000.00 ; 175 ; 7 
188 ; 100000.00 ; 175 ; 7 
189 ; 15000.00 ; 15 ; 1 
190 ; 100000.00 ; 175 ; 7 
190 ; 100000.00 ; 175 ; 7 
190 ; 100000.00 ; 175 ; 7 
190 ; 100000.00 ; 175 ; 7 
190 ; 100000.00 ; 175 ; 7 
190 ; 100000.00 ; 175 ; 7 
190 ; 100000.00 ; 175 ; 7 
191 ; 100000.00 ; 175 ; 7 
191 ; 100000.00 ; 175 ; 7 
191 ; 100000.00 ; 175 ; 7 
191 ; 100000.00 ; 175 ; 7 
191 ; 100000.00 ; 175 ; 7 
191 ; 100000.00 ; 175 ; 7 
191 ; 100000.00 ; 175 ; 7 
192 ; 15000.00 ; 30 ; 2 
192 ; 15000.00 ; 30 ; 2 
193 ; 125000.00 ; 225 ; 9 
193 ; 125000.00 ; 225 ; 9 
193 ; 125000.00 ; 225 ; 9 
193 ; 125000.00 ; 225 ; 9 
193 ; 125000.00 ; 225 ; 9 
193 ; 125000.00 ; 225 ; 9 
193 ; 125000.00 ; 225 ; 9 
193 ; 125000.00 ; 225 ; 9 
193 ; 125000.00 ; 225 ; 9 
194 ; 45000.00 ; 75 ; 5 
194 ; 45000.00 ; 75 ; 5 
194 ; 45000.00 ; 75 ; 5 
194 ; 45000.00 ; 75 ; 5 
194 ; 45000.00 ; 75 ; 5 
195 ; 125000.00 ; 250 ; 10 
195 ; 125000.00 ; 250 ; 10 
195 ; 125000.00 ; 250 ; 10 
195 ; 125000.00 ; 250 ; 10 
195 ; 125000.00 ; 250 ; 10 
195 ; 125000.00 ; 250 ; 10 
195 ; 125000.00 ; 250 ; 10 
195 ; 125000.00 ; 250 ; 10 
195 ; 125000.00 ; 250 ; 10 
195 ; 125000.00 ; 250 ; 10 
196 ; 100000.00 ; 175 ; 7 
196 ; 100000.00 ; 175 ; 7 
196 ; 100000.00 ; 175 ; 7 
196 ; 100000.00 ; 175 ; 7 
196 ; 100000.00 ; 175 ; 7 
196 ; 100000.00 ; 175 ; 7 
196 ; 100000.00 ; 175 ; 7 
197 ; 30000.00 ; 60 ; 4 
197 ; 30000.00 ; 60 ; 4 
197 ; 30000.00 ; 60 ; 4 
197 ; 30000.00 ; 60 ; 4 
198 ; 100000.00 ; 200 ; 8 
198 ; 100000.00 ; 200 ; 8 
198 ; 100000.00 ; 200 ; 8 
198 ; 100000.00 ; 200 ; 8 
198 ; 100000.00 ; 200 ; 8 
198 ; 100000.00 ; 200 ; 8 
198 ; 100000.00 ; 200 ; 8 
198 ; 100000.00 ; 200 ; 8 
199 ; 125000.00 ; 225 ; 9 
199 ; 125000.00 ; 225 ; 9 
199 ; 125000.00 ; 225 ; 9 
199 ; 125000.00 ; 225 ; 9 
199 ; 125000.00 ; 225 ; 9 
199 ; 125000.00 ; 225 ; 9 
199 ; 125000.00 ; 225 ; 9 
199 ; 125000.00 ; 225 ; 9 
199 ; 125000.00 ; 225 ; 9 
200 ; 125000.00 ; 225 ; 9 
200 ; 125000.00 ; 225 ; 9 
200 ; 125000.00 ; 225 ; 9 
200 ; 125000.00 ; 225 ; 9 
200 ; 125000.00 ; 225 ; 9 
200 ; 125000.00 ; 225 ; 9 
200 ; 125000.00 ; 225 ; 9 
200 ; 125000.00 ; 225 ; 9 
200 ; 125000.00 ; 225 ; 9 
201 ; 30000.00 ; 45 ; 3 
201 ; 30000.00 ; 45 ; 3 
201 ; 30000.00 ; 45 ; 3 
202 ; 125000.00 ; 250 ; 10 
202 ; 125000.00 ; 250 ; 10 
202 ; 125000.00 ; 250 ; 10 
202 ; 125000.00 ; 250 ; 10 
202 ; 125000.00 ; 250 ; 10 
202 ; 125000.00 ; 250 ; 10 
202 ; 125000.00 ; 250 ; 10 
202 ; 125000.00 ; 250 ; 10 
202 ; 125000.00 ; 250 ; 10 
202 ; 125000.00 ; 250 ; 10 
203 ; 15000.00 ; 30 ; 2 
203 ; 15000.00 ; 30 ; 2 
204 ; 30000.00 ; 60 ; 4 
204 ; 30000.00 ; 60 ; 4 
204 ; 30000.00 ; 60 ; 4 
204 ; 30000.00 ; 60 ; 4 
205 ; 75000.00 ; 150 ; 6 
205 ; 75000.00 ; 150 ; 6 
205 ; 75000.00 ; 150 ; 6 
205 ; 75000.00 ; 150 ; 6 
205 ; 75000.00 ; 150 ; 6 
205 ; 75000.00 ; 150 ; 6 
206 ; 125000.00 ; 250 ; 10 
206 ; 125000.00 ; 250 ; 10 
206 ; 125000.00 ; 250 ; 10 
206 ; 125000.00 ; 250 ; 10 
206 ; 125000.00 ; 250 ; 10 
206 ; 125000.00 ; 250 ; 10 
206 ; 125000.00 ; 250 ; 10 
206 ; 125000.00 ; 250 ; 10 
206 ; 125000.00 ; 250 ; 10 
206 ; 125000.00 ; 250 ; 10 
207 ; 125000.00 ; 225 ; 9 
207 ; 125000.00 ; 225 ; 9 
207 ; 125000.00 ; 225 ; 9 
207 ; 125000.00 ; 225 ; 9 
207 ; 125000.00 ; 225 ; 9 
207 ; 125000.00 ; 225 ; 9 
207 ; 125000.00 ; 225 ; 9 
207 ; 125000.00 ; 225 ; 9 
207 ; 125000.00 ; 225 ; 9 
208 ; 45000.00 ; 75 ; 5 
208 ; 45000.00 ; 75 ; 5 
208 ; 45000.00 ; 75 ; 5 
208 ; 45000.00 ; 75 ; 5 
208 ; 45000.00 ; 75 ; 5 
209 ; 15000.00 ; 15 ; 1 
210 ; 100000.00 ; 200 ; 8 
210 ; 100000.00 ; 200 ; 8 
210 ; 100000.00 ; 200 ; 8 
210 ; 100000.00 ; 200 ; 8 
210 ; 100000.00 ; 200 ; 8 
210 ; 100000.00 ; 200 ; 8 
210 ; 100000.00 ; 200 ; 8 
210 ; 100000.00 ; 200 ; 8 
211 ; 100000.00 ; 175 ; 7 
211 ; 100000.00 ; 175 ; 7 
211 ; 100000.00 ; 175 ; 7 
211 ; 100000.00 ; 175 ; 7 
211 ; 100000.00 ; 175 ; 7 
211 ; 100000.00 ; 175 ; 7 
211 ; 100000.00 ; 175 ; 7 
212 ; 30000.00 ; 60 ; 4 
212 ; 30000.00 ; 60 ; 4 
212 ; 30000.00 ; 60 ; 4 
212 ; 30000.00 ; 60 ; 4 
213 ; 100000.00 ; 175 ; 7 
213 ; 100000.00 ; 175 ; 7 
213 ; 100000.00 ; 175 ; 7 
213 ; 100000.00 ; 175 ; 7 
213 ; 100000.00 ; 175 ; 7 
213 ; 100000.00 ; 175 ; 7 
213 ; 100000.00 ; 175 ; 7 
214 ; 15000.00 ; 30 ; 2 
214 ; 15000.00 ; 30 ; 2 
215 ; 75000.00 ; 150 ; 6 
215 ; 75000.00 ; 150 ; 6 
215 ; 75000.00 ; 150 ; 6 
215 ; 75000.00 ; 150 ; 6 
215 ; 75000.00 ; 150 ; 6 
215 ; 75000.00 ; 150 ; 6 
216 ; 45000.00 ; 75 ; 5 
216 ; 45000.00 ; 75 ; 5 
216 ; 45000.00 ; 75 ; 5 
216 ; 45000.00 ; 75 ; 5 
216 ; 45000.00 ; 75 ; 5 
217 ; 30000.00 ; 45 ; 3 
217 ; 30000.00 ; 45 ; 3 
217 ; 30000.00 ; 45 ; 3 
218 ; 15000.00 ; 15 ; 1 
219 ; 125000.00 ; 250 ; 10 
219 ; 125000.00 ; 250 ; 10 
219 ; 125000.00 ; 250 ; 10 
219 ; 125000.00 ; 250 ; 10 
219 ; 125000.00 ; 250 ; 10 
219 ; 125000.00 ; 250 ; 10 
219 ; 125000.00 ; 250 ; 10 
219 ; 125000.00 ; 250 ; 10 
219 ; 125000.00 ; 250 ; 10 
219 ; 125000.00 ; 250 ; 10 
220 ; 100000.00 ; 200 ; 8 
220 ; 100000.00 ; 200 ; 8 
220 ; 100000.00 ; 200 ; 8 
220 ; 100000.00 ; 200 ; 8 
220 ; 100000.00 ; 200 ; 8 
220 ; 100000.00 ; 200 ; 8 
220 ; 100000.00 ; 200 ; 8 
220 ; 100000.00 ; 200 ; 8 
221 ; 30000.00 ; 60 ; 4 
221 ; 30000.00 ; 60 ; 4 
221 ; 30000.00 ; 60 ; 4 
221 ; 30000.00 ; 60 ; 4 
222 ; 100000.00 ; 200 ; 8 
222 ; 100000.00 ; 200 ; 8 
222 ; 100000.00 ; 200 ; 8 
222 ; 100000.00 ; 200 ; 8 
222 ; 100000.00 ; 200 ; 8 
222 ; 100000.00 ; 200 ; 8 
222 ; 100000.00 ; 200 ; 8 
222 ; 100000.00 ; 200 ; 8 
223 ; 30000.00 ; 45 ; 3 
223 ; 30000.00 ; 45 ; 3 
223 ; 30000.00 ; 45 ; 3 
224 ; 100000.00 ; 175 ; 7 
224 ; 100000.00 ; 175 ; 7 
224 ; 100000.00 ; 175 ; 7 
224 ; 100000.00 ; 175 ; 7 
224 ; 100000.00 ; 175 ; 7 
224 ; 100000.00 ; 175 ; 7 
224 ; 100000.00 ; 175 ; 7 
225 ; 15000.00 ; 15 ; 1 
226 ; 15000.00 ; 30 ; 2 
226 ; 15000.00 ; 30 ; 2 
227 ; 100000.00 ; 175 ; 7 
227 ; 100000.00 ; 175 ; 7 
227 ; 100000.00 ; 175 ; 7 
227 ; 100000.00 ; 175 ; 7 
227 ; 100000.00 ; 175 ; 7 
227 ; 100000.00 ; 175 ; 7 
227 ; 100000.00 ; 175 ; 7 
228 ; 75000.00 ; 150 ; 6 
228 ; 75000.00 ; 150 ; 6 
228 ; 75000.00 ; 150 ; 6 
228 ; 75000.00 ; 150 ; 6 
228 ; 75000.00 ; 150 ; 6 
228 ; 75000.00 ; 150 ; 6 
229 ; 100000.00 ; 200 ; 8 
229 ; 100000.00 ; 200 ; 8 
229 ; 100000.00 ; 200 ; 8 
229 ; 100000.00 ; 200 ; 8 
229 ; 100000.00 ; 200 ; 8 
229 ; 100000.00 ; 200 ; 8 
229 ; 100000.00 ; 200 ; 8 
229 ; 100000.00 ; 200 ; 8 
230 ; 75000.00 ; 150 ; 6 
230 ; 75000.00 ; 150 ; 6 
230 ; 75000.00 ; 150 ; 6 
230 ; 75000.00 ; 150 ; 6 
230 ; 75000.00 ; 150 ; 6 
230 ; 75000.00 ; 150 ; 6 
231 ; 45000.00 ; 75 ; 5 
231 ; 45000.00 ; 75 ; 5 
231 ; 45000.00 ; 75 ; 5 
231 ; 45000.00 ; 75 ; 5 
231 ; 45000.00 ; 75 ; 5 
232 ; 15000.00 ; 30 ; 2 
232 ; 15000.00 ; 30 ; 2 
233 ; 30000.00 ; 45 ; 3 
233 ; 30000.00 ; 45 ; 3 
233 ; 30000.00 ; 45 ; 3 
234 ; 15000.00 ; 15 ; 1 
235 ; 15000.00 ; 15 ; 1 
236 ; 15000.00 ; 30 ; 2 
236 ; 15000.00 ; 30 ; 2 
237 ; 45000.00 ; 75 ; 5 
237 ; 45000.00 ; 75 ; 5 
237 ; 45000.00 ; 75 ; 5 
237 ; 45000.00 ; 75 ; 5 
237 ; 45000.00 ; 75 ; 5 
238 ; 100000.00 ; 175 ; 7 
238 ; 100000.00 ; 175 ; 7 
238 ; 100000.00 ; 175 ; 7 
238 ; 100000.00 ; 175 ; 7 
238 ; 100000.00 ; 175 ; 7 
238 ; 100000.00 ; 175 ; 7 
238 ; 100000.00 ; 175 ; 7 
239 ; 15000.00 ; 15 ; 1 
240 ; 100000.00 ; 200 ; 8 
240 ; 100000.00 ; 200 ; 8 
240 ; 100000.00 ; 200 ; 8 
240 ; 100000.00 ; 200 ; 8 
240 ; 100000.00 ; 200 ; 8 
240 ; 100000.00 ; 200 ; 8 
240 ; 100000.00 ; 200 ; 8 
240 ; 100000.00 ; 200 ; 8 
241 ; 15000.00 ; 30 ; 2 
241 ; 15000.00 ; 30 ; 2 
242 ; 100000.00 ; 200 ; 8 
242 ; 100000.00 ; 200 ; 8 
242 ; 100000.00 ; 200 ; 8 
242 ; 100000.00 ; 200 ; 8 
242 ; 100000.00 ; 200 ; 8 
242 ; 100000.00 ; 200 ; 8 
242 ; 100000.00 ; 200 ; 8 
242 ; 100000.00 ; 200 ; 8 
243 ; 100000.00 ; 200 ; 8 
243 ; 100000.00 ; 200 ; 8 
243 ; 100000.00 ; 200 ; 8 
243 ; 100000.00 ; 200 ; 8 
243 ; 100000.00 ; 200 ; 8 
243 ; 100000.00 ; 200 ; 8 
243 ; 100000.00 ; 200 ; 8 
243 ; 100000.00 ; 200 ; 8 
244 ; 100000.00 ; 200 ; 8 
244 ; 100000.00 ; 200 ; 8 
244 ; 100000.00 ; 200 ; 8 
244 ; 100000.00 ; 200 ; 8 
244 ; 100000.00 ; 200 ; 8 
244 ; 100000.00 ; 200 ; 8 
244 ; 100000.00 ; 200 ; 8 
244 ; 100000.00 ; 200 ; 8 
245 ; 100000.00 ; 200 ; 8 
245 ; 100000.00 ; 200 ; 8 
245 ; 100000.00 ; 200 ; 8 
245 ; 100000.00 ; 200 ; 8 
245 ; 100000.00 ; 200 ; 8 
245 ; 100000.00 ; 200 ; 8 
245 ; 100000.00 ; 200 ; 8 
245 ; 100000.00 ; 200 ; 8 
246 ; 30000.00 ; 60 ; 4 
246 ; 30000.00 ; 60 ; 4 
246 ; 30000.00 ; 60 ; 4 
246 ; 30000.00 ; 60 ; 4 
247 ; 30000.00 ; 60 ; 4 
247 ; 30000.00 ; 60 ; 4 
247 ; 30000.00 ; 60 ; 4 
247 ; 30000.00 ; 60 ; 4 
248 ; 75000.00 ; 150 ; 6 
248 ; 75000.00 ; 150 ; 6 
248 ; 75000.00 ; 150 ; 6 
248 ; 75000.00 ; 150 ; 6 
248 ; 75000.00 ; 150 ; 6 
248 ; 75000.00 ; 150 ; 6 
249 ; 125000.00 ; 250 ; 10 
249 ; 125000.00 ; 250 ; 10 
249 ; 125000.00 ; 250 ; 10 
249 ; 125000.00 ; 250 ; 10 
249 ; 125000.00 ; 250 ; 10 
249 ; 125000.00 ; 250 ; 10 
249 ; 125000.00 ; 250 ; 10 
249 ; 125000.00 ; 250 ; 10 
249 ; 125000.00 ; 250 ; 10 
249 ; 125000.00 ; 250 ; 10 
250 ; 125000.00 ; 250 ; 10 
250 ; 125000.00 ; 250 ; 10 
250 ; 125000.00 ; 250 ; 10 
250 ; 125000.00 ; 250 ; 10 
250 ; 125000.00 ; 250 ; 10 
250 ; 125000.00 ; 250 ; 10 
250 ; 125000.00 ; 250 ; 10 
250 ; 125000.00 ; 250 ; 10 
250 ; 125000.00 ; 250 ; 10 
250 ; 125000.00 ; 250 ; 10 
251 ; 125000.00 ; 225 ; 9 
251 ; 125000.00 ; 225 ; 9 
251 ; 125000.00 ; 225 ; 9 
251 ; 125000.00 ; 225 ; 9 
251 ; 125000.00 ; 225 ; 9 
251 ; 125000.00 ; 225 ; 9 
251 ; 125000.00 ; 225 ; 9 
251 ; 125000.00 ; 225 ; 9 
251 ; 125000.00 ; 225 ; 9 
252 ; 15000.00 ; 30 ; 2 
252 ; 15000.00 ; 30 ; 2 
253 ; 125000.00 ; 225 ; 9 
253 ; 125000.00 ; 225 ; 9 
253 ; 125000.00 ; 225 ; 9 
253 ; 125000.00 ; 225 ; 9 
253 ; 125000.00 ; 225 ; 9 
253 ; 125000.00 ; 225 ; 9 
253 ; 125000.00 ; 225 ; 9 
253 ; 125000.00 ; 225 ; 9 
253 ; 125000.00 ; 225 ; 9 
254 ; 30000.00 ; 45 ; 3 
254 ; 30000.00 ; 45 ; 3 
254 ; 30000.00 ; 45 ; 3 
255 ; 100000.00 ; 175 ; 7 
255 ; 100000.00 ; 175 ; 7 
255 ; 100000.00 ; 175 ; 7 
255 ; 100000.00 ; 175 ; 7 
255 ; 100000.00 ; 175 ; 7 
255 ; 100000.00 ; 175 ; 7 
255 ; 100000.00 ; 175 ; 7 
256 ; 100000.00 ; 175 ; 7 
256 ; 100000.00 ; 175 ; 7 
256 ; 100000.00 ; 175 ; 7 
256 ; 100000.00 ; 175 ; 7 
256 ; 100000.00 ; 175 ; 7 
256 ; 100000.00 ; 175 ; 7 
256 ; 100000.00 ; 175 ; 7 
257 ; 15000.00 ; 15 ; 1 
258 ; 30000.00 ; 60 ; 4 
258 ; 30000.00 ; 60 ; 4 
258 ; 30000.00 ; 60 ; 4 
258 ; 30000.00 ; 60 ; 4 
259 ; 125000.00 ; 225 ; 9 
259 ; 125000.00 ; 225 ; 9 
259 ; 125000.00 ; 225 ; 9 
259 ; 125000.00 ; 225 ; 9 
259 ; 125000.00 ; 225 ; 9 
259 ; 125000.00 ; 225 ; 9 
259 ; 125000.00 ; 225 ; 9 
259 ; 125000.00 ; 225 ; 9 
259 ; 125000.00 ; 225 ; 9 
260 ; 15000.00 ; 15 ; 1 
261 ; 15000.00 ; 30 ; 2 
261 ; 15000.00 ; 30 ; 2 
262 ; 30000.00 ; 45 ; 3 
262 ; 30000.00 ; 45 ; 3 
262 ; 30000.00 ; 45 ; 3 
263 ; 75000.00 ; 150 ; 6 
263 ; 75000.00 ; 150 ; 6 
263 ; 75000.00 ; 150 ; 6 
263 ; 75000.00 ; 150 ; 6 
263 ; 75000.00 ; 150 ; 6 
263 ; 75000.00 ; 150 ; 6 
264 ; 15000.00 ; 15 ; 1 
265 ; 125000.00 ; 250 ; 10 
265 ; 125000.00 ; 250 ; 10 
265 ; 125000.00 ; 250 ; 10 
265 ; 125000.00 ; 250 ; 10 
265 ; 125000.00 ; 250 ; 10 
265 ; 125000.00 ; 250 ; 10 
265 ; 125000.00 ; 250 ; 10 
265 ; 125000.00 ; 250 ; 10 
265 ; 125000.00 ; 250 ; 10 
265 ; 125000.00 ; 250 ; 10 
266 ; 45000.00 ; 75 ; 5 
266 ; 45000.00 ; 75 ; 5 
266 ; 45000.00 ; 75 ; 5 
266 ; 45000.00 ; 75 ; 5 
266 ; 45000.00 ; 75 ; 5 
267 ; 100000.00 ; 200 ; 8 
267 ; 100000.00 ; 200 ; 8 
267 ; 100000.00 ; 200 ; 8 
267 ; 100000.00 ; 200 ; 8 
267 ; 100000.00 ; 200 ; 8 
267 ; 100000.00 ; 200 ; 8 
267 ; 100000.00 ; 200 ; 8 
267 ; 100000.00 ; 200 ; 8 
268 ; 125000.00 ; 225 ; 9 
268 ; 125000.00 ; 225 ; 9 
268 ; 125000.00 ; 225 ; 9 
268 ; 125000.00 ; 225 ; 9 
268 ; 125000.00 ; 225 ; 9 
268 ; 125000.00 ; 225 ; 9 
268 ; 125000.00 ; 225 ; 9 
268 ; 125000.00 ; 225 ; 9 
268 ; 125000.00 ; 225 ; 9 
269 ; 30000.00 ; 60 ; 4 
269 ; 30000.00 ; 60 ; 4 
269 ; 30000.00 ; 60 ; 4 
269 ; 30000.00 ; 60 ; 4 
270 ; 75000.00 ; 150 ; 6 
270 ; 75000.00 ; 150 ; 6 
270 ; 75000.00 ; 150 ; 6 
270 ; 75000.00 ; 150 ; 6 
270 ; 75000.00 ; 150 ; 6 
270 ; 75000.00 ; 150 ; 6 
271 ; 15000.00 ; 30 ; 2 
271 ; 15000.00 ; 30 ; 2 
272 ; 30000.00 ; 45 ; 3 
272 ; 30000.00 ; 45 ; 3 
272 ; 30000.00 ; 45 ; 3 
273 ; 15000.00 ; 15 ; 1 
274 ; 15000.00 ; 30 ; 2 
274 ; 15000.00 ; 30 ; 2 
275 ; 100000.00 ; 175 ; 7 
275 ; 100000.00 ; 175 ; 7 
275 ; 100000.00 ; 175 ; 7 
275 ; 100000.00 ; 175 ; 7 
275 ; 100000.00 ; 175 ; 7 
275 ; 100000.00 ; 175 ; 7 
275 ; 100000.00 ; 175 ; 7 
276 ; 45000.00 ; 75 ; 5 
276 ; 45000.00 ; 75 ; 5 
276 ; 45000.00 ; 75 ; 5 
276 ; 45000.00 ; 75 ; 5 
276 ; 45000.00 ; 75 ; 5 
277 ; 15000.00 ; 15 ; 1 
278 ; 100000.00 ; 175 ; 7 
278 ; 100000.00 ; 175 ; 7 
278 ; 100000.00 ; 175 ; 7 
278 ; 100000.00 ; 175 ; 7 
278 ; 100000.00 ; 175 ; 7 
278 ; 100000.00 ; 175 ; 7 
278 ; 100000.00 ; 175 ; 7 
279 ; 15000.00 ; 30 ; 2 
279 ; 15000.00 ; 30 ; 2 
280 ; 125000.00 ; 225 ; 9 
280 ; 125000.00 ; 225 ; 9 
280 ; 125000.00 ; 225 ; 9 
280 ; 125000.00 ; 225 ; 9 
280 ; 125000.00 ; 225 ; 9 
280 ; 125000.00 ; 225 ; 9 
280 ; 125000.00 ; 225 ; 9 
280 ; 125000.00 ; 225 ; 9 
280 ; 125000.00 ; 225 ; 9 
281 ; 125000.00 ; 250 ; 10 
281 ; 125000.00 ; 250 ; 10 
281 ; 125000.00 ; 250 ; 10 
281 ; 125000.00 ; 250 ; 10 
281 ; 125000.00 ; 250 ; 10 
281 ; 125000.00 ; 250 ; 10 
281 ; 125000.00 ; 250 ; 10 
281 ; 125000.00 ; 250 ; 10 
281 ; 125000.00 ; 250 ; 10 
281 ; 125000.00 ; 250 ; 10 
282 ; 125000.00 ; 225 ; 9 
282 ; 125000.00 ; 225 ; 9 
282 ; 125000.00 ; 225 ; 9 
282 ; 125000.00 ; 225 ; 9 
282 ; 125000.00 ; 225 ; 9 
282 ; 125000.00 ; 225 ; 9 
282 ; 125000.00 ; 225 ; 9 
282 ; 125000.00 ; 225 ; 9 
282 ; 125000.00 ; 225 ; 9 
283 ; 45000.00 ; 75 ; 5 
283 ; 45000.00 ; 75 ; 5 
283 ; 45000.00 ; 75 ; 5 
283 ; 45000.00 ; 75 ; 5 
283 ; 45000.00 ; 75 ; 5 
284 ; 15000.00 ; 30 ; 2 
284 ; 15000.00 ; 30 ; 2 
285 ; 45000.00 ; 75 ; 5 
285 ; 45000.00 ; 75 ; 5 
285 ; 45000.00 ; 75 ; 5 
285 ; 45000.00 ; 75 ; 5 
285 ; 45000.00 ; 75 ; 5 
286 ; 30000.00 ; 60 ; 4 
286 ; 30000.00 ; 60 ; 4 
286 ; 30000.00 ; 60 ; 4 
286 ; 30000.00 ; 60 ; 4 
287 ; 125000.00 ; 250 ; 10 
287 ; 125000.00 ; 250 ; 10 
287 ; 125000.00 ; 250 ; 10 
287 ; 125000.00 ; 250 ; 10 
287 ; 125000.00 ; 250 ; 10 
287 ; 125000.00 ; 250 ; 10 
287 ; 125000.00 ; 250 ; 10 
287 ; 125000.00 ; 250 ; 10 
287 ; 125000.00 ; 250 ; 10 
287 ; 125000.00 ; 250 ; 10 
288 ; 125000.00 ; 225 ; 9 
288 ; 125000.00 ; 225 ; 9 
288 ; 125000.00 ; 225 ; 9 
288 ; 125000.00 ; 225 ; 9 
288 ; 125000.00 ; 225 ; 9 
288 ; 125000.00 ; 225 ; 9 
288 ; 125000.00 ; 225 ; 9 
288 ; 125000.00 ; 225 ; 9 
288 ; 125000.00 ; 225 ; 9 
289 ; 125000.00 ; 225 ; 9 
289 ; 125000.00 ; 225 ; 9 
289 ; 125000.00 ; 225 ; 9 
289 ; 125000.00 ; 225 ; 9 
289 ; 125000.00 ; 225 ; 9 
289 ; 125000.00 ; 225 ; 9 
289 ; 125000.00 ; 225 ; 9 
289 ; 125000.00 ; 225 ; 9 
289 ; 125000.00 ; 225 ; 9 
290 ; 15000.00 ; 15 ; 1 
291 ; 125000.00 ; 225 ; 9 
291 ; 125000.00 ; 225 ; 9 
291 ; 125000.00 ; 225 ; 9 
291 ; 125000.00 ; 225 ; 9 
291 ; 125000.00 ; 225 ; 9 
291 ; 125000.00 ; 225 ; 9 
291 ; 125000.00 ; 225 ; 9 
291 ; 125000.00 ; 225 ; 9 
291 ; 125000.00 ; 225 ; 9 
292 ; 100000.00 ; 200 ; 8 
292 ; 100000.00 ; 200 ; 8 
292 ; 100000.00 ; 200 ; 8 
292 ; 100000.00 ; 200 ; 8 
292 ; 100000.00 ; 200 ; 8 
292 ; 100000.00 ; 200 ; 8 
292 ; 100000.00 ; 200 ; 8 
292 ; 100000.00 ; 200 ; 8 
293 ; 100000.00 ; 200 ; 8 
293 ; 100000.00 ; 200 ; 8 
293 ; 100000.00 ; 200 ; 8 
293 ; 100000.00 ; 200 ; 8 
293 ; 100000.00 ; 200 ; 8 
293 ; 100000.00 ; 200 ; 8 
293 ; 100000.00 ; 200 ; 8 
293 ; 100000.00 ; 200 ; 8 
294 ; 125000.00 ; 225 ; 9 
294 ; 125000.00 ; 225 ; 9 
294 ; 125000.00 ; 225 ; 9 
294 ; 125000.00 ; 225 ; 9 
294 ; 125000.00 ; 225 ; 9 
294 ; 125000.00 ; 225 ; 9 
294 ; 125000.00 ; 225 ; 9 
294 ; 125000.00 ; 225 ; 9 
294 ; 125000.00 ; 225 ; 9 
295 ; 30000.00 ; 60 ; 4 
295 ; 30000.00 ; 60 ; 4 
295 ; 30000.00 ; 60 ; 4 
295 ; 30000.00 ; 60 ; 4 
296 ; 125000.00 ; 225 ; 9 
296 ; 125000.00 ; 225 ; 9 
296 ; 125000.00 ; 225 ; 9 
296 ; 125000.00 ; 225 ; 9 
296 ; 125000.00 ; 225 ; 9 
296 ; 125000.00 ; 225 ; 9 
296 ; 125000.00 ; 225 ; 9 
296 ; 125000.00 ; 225 ; 9 
296 ; 125000.00 ; 225 ; 9 
297 ; 30000.00 ; 60 ; 4 
297 ; 30000.00 ; 60 ; 4 
297 ; 30000.00 ; 60 ; 4 
297 ; 30000.00 ; 60 ; 4 
298 ; 100000.00 ; 200 ; 8 
298 ; 100000.00 ; 200 ; 8 
298 ; 100000.00 ; 200 ; 8 
298 ; 100000.00 ; 200 ; 8 
298 ; 100000.00 ; 200 ; 8 
298 ; 100000.00 ; 200 ; 8 
298 ; 100000.00 ; 200 ; 8 
298 ; 100000.00 ; 200 ; 8 
299 ; 15000.00 ; 30 ; 2 
299 ; 15000.00 ; 30 ; 2 
300 ; 15000.00 ; 15 ; 1 
301 ; 100000.00 ; 200 ; 8 
301 ; 100000.00 ; 200 ; 8 
301 ; 100000.00 ; 200 ; 8 
301 ; 100000.00 ; 200 ; 8 
301 ; 100000.00 ; 200 ; 8 
301 ; 100000.00 ; 200 ; 8 
301 ; 100000.00 ; 200 ; 8 
301 ; 100000.00 ; 200 ; 8 
302 ; 30000.00 ; 60 ; 4 
302 ; 30000.00 ; 60 ; 4 
302 ; 30000.00 ; 60 ; 4 
302 ; 30000.00 ; 60 ; 4 
303 ; 45000.00 ; 75 ; 5 
303 ; 45000.00 ; 75 ; 5 
303 ; 45000.00 ; 75 ; 5 
303 ; 45000.00 ; 75 ; 5 
303 ; 45000.00 ; 75 ; 5 
304 ; 125000.00 ; 250 ; 10 
304 ; 125000.00 ; 250 ; 10 
304 ; 125000.00 ; 250 ; 10 
304 ; 125000.00 ; 250 ; 10 
304 ; 125000.00 ; 250 ; 10 
304 ; 125000.00 ; 250 ; 10 
304 ; 125000.00 ; 250 ; 10 
304 ; 125000.00 ; 250 ; 10 
304 ; 125000.00 ; 250 ; 10 
304 ; 125000.00 ; 250 ; 10 
305 ; 100000.00 ; 175 ; 7 
305 ; 100000.00 ; 175 ; 7 
305 ; 100000.00 ; 175 ; 7 
305 ; 100000.00 ; 175 ; 7 
305 ; 100000.00 ; 175 ; 7 
305 ; 100000.00 ; 175 ; 7 
305 ; 100000.00 ; 175 ; 7 
306 ; 75000.00 ; 150 ; 6 
306 ; 75000.00 ; 150 ; 6 
306 ; 75000.00 ; 150 ; 6 
306 ; 75000.00 ; 150 ; 6 
306 ; 75000.00 ; 150 ; 6 
306 ; 75000.00 ; 150 ; 6 
307 ; 15000.00 ; 30 ; 2 
307 ; 15000.00 ; 30 ; 2 
308 ; 15000.00 ; 15 ; 1 
309 ; 125000.00 ; 250 ; 10 
309 ; 125000.00 ; 250 ; 10 
309 ; 125000.00 ; 250 ; 10 
309 ; 125000.00 ; 250 ; 10 
309 ; 125000.00 ; 250 ; 10 
309 ; 125000.00 ; 250 ; 10 
309 ; 125000.00 ; 250 ; 10 
309 ; 125000.00 ; 250 ; 10 
309 ; 125000.00 ; 250 ; 10 
309 ; 125000.00 ; 250 ; 10 
310 ; 125000.00 ; 250 ; 10 
310 ; 125000.00 ; 250 ; 10 
310 ; 125000.00 ; 250 ; 10 
310 ; 125000.00 ; 250 ; 10 
310 ; 125000.00 ; 250 ; 10 
310 ; 125000.00 ; 250 ; 10 
310 ; 125000.00 ; 250 ; 10 
310 ; 125000.00 ; 250 ; 10 
310 ; 125000.00 ; 250 ; 10 
310 ; 125000.00 ; 250 ; 10 
311 ; 100000.00 ; 175 ; 7 
311 ; 100000.00 ; 175 ; 7 
311 ; 100000.00 ; 175 ; 7 
311 ; 100000.00 ; 175 ; 7 
311 ; 100000.00 ; 175 ; 7 
311 ; 100000.00 ; 175 ; 7 
311 ; 100000.00 ; 175 ; 7 
312 ; 125000.00 ; 225 ; 9 
312 ; 125000.00 ; 225 ; 9 
312 ; 125000.00 ; 225 ; 9 
312 ; 125000.00 ; 225 ; 9 
312 ; 125000.00 ; 225 ; 9 
312 ; 125000.00 ; 225 ; 9 
312 ; 125000.00 ; 225 ; 9 
312 ; 125000.00 ; 225 ; 9 
312 ; 125000.00 ; 225 ; 9 
313 ; 30000.00 ; 60 ; 4 
313 ; 30000.00 ; 60 ; 4 
313 ; 30000.00 ; 60 ; 4 
313 ; 30000.00 ; 60 ; 4 
314 ; 45000.00 ; 75 ; 5 
314 ; 45000.00 ; 75 ; 5 
314 ; 45000.00 ; 75 ; 5 
314 ; 45000.00 ; 75 ; 5 
314 ; 45000.00 ; 75 ; 5 
315 ; 125000.00 ; 225 ; 9 
315 ; 125000.00 ; 225 ; 9 
315 ; 125000.00 ; 225 ; 9 
315 ; 125000.00 ; 225 ; 9 
315 ; 125000.00 ; 225 ; 9 
315 ; 125000.00 ; 225 ; 9 
315 ; 125000.00 ; 225 ; 9 
315 ; 125000.00 ; 225 ; 9 
315 ; 125000.00 ; 225 ; 9 
316 ; 45000.00 ; 75 ; 5 
316 ; 45000.00 ; 75 ; 5 
316 ; 45000.00 ; 75 ; 5 
316 ; 45000.00 ; 75 ; 5 
316 ; 45000.00 ; 75 ; 5 
317 ; 125000.00 ; 250 ; 10 
317 ; 125000.00 ; 250 ; 10 
317 ; 125000.00 ; 250 ; 10 
317 ; 125000.00 ; 250 ; 10 
317 ; 125000.00 ; 250 ; 10 
317 ; 125000.00 ; 250 ; 10 
317 ; 125000.00 ; 250 ; 10 
317 ; 125000.00 ; 250 ; 10 
317 ; 125000.00 ; 250 ; 10 
317 ; 125000.00 ; 250 ; 10 
318 ; 125000.00 ; 250 ; 10 
318 ; 125000.00 ; 250 ; 10 
318 ; 125000.00 ; 250 ; 10 
318 ; 125000.00 ; 250 ; 10 
318 ; 125000.00 ; 250 ; 10 
318 ; 125000.00 ; 250 ; 10 
318 ; 125000.00 ; 250 ; 10 
318 ; 125000.00 ; 250 ; 10 
318 ; 125000.00 ; 250 ; 10 
318 ; 125000.00 ; 250 ; 10 
319 ; 30000.00 ; 45 ; 3 
319 ; 30000.00 ; 45 ; 3 
319 ; 30000.00 ; 45 ; 3 
320 ; 75000.00 ; 150 ; 6 
320 ; 75000.00 ; 150 ; 6 
320 ; 75000.00 ; 150 ; 6 
320 ; 75000.00 ; 150 ; 6 
320 ; 75000.00 ; 150 ; 6 
320 ; 75000.00 ; 150 ; 6 
321 ; 75000.00 ; 150 ; 6 
321 ; 75000.00 ; 150 ; 6 
321 ; 75000.00 ; 150 ; 6 
321 ; 75000.00 ; 150 ; 6 
321 ; 75000.00 ; 150 ; 6 
321 ; 75000.00 ; 150 ; 6 
322 ; 30000.00 ; 60 ; 4 
322 ; 30000.00 ; 60 ; 4 
322 ; 30000.00 ; 60 ; 4 
322 ; 30000.00 ; 60 ; 4 
323 ; 30000.00 ; 60 ; 4 
323 ; 30000.00 ; 60 ; 4 
323 ; 30000.00 ; 60 ; 4 
323 ; 30000.00 ; 60 ; 4 
324 ; 30000.00 ; 60 ; 4 
324 ; 30000.00 ; 60 ; 4 
324 ; 30000.00 ; 60 ; 4 
324 ; 30000.00 ; 60 ; 4 
325 ; 100000.00 ; 200 ; 8 
325 ; 100000.00 ; 200 ; 8 
325 ; 100000.00 ; 200 ; 8 
325 ; 100000.00 ; 200 ; 8 
325 ; 100000.00 ; 200 ; 8 
325 ; 100000.00 ; 200 ; 8 
325 ; 100000.00 ; 200 ; 8 
325 ; 100000.00 ; 200 ; 8 
326 ; 45000.00 ; 75 ; 5 
326 ; 45000.00 ; 75 ; 5 
326 ; 45000.00 ; 75 ; 5 
326 ; 45000.00 ; 75 ; 5 
326 ; 45000.00 ; 75 ; 5 
327 ; 30000.00 ; 60 ; 4 
327 ; 30000.00 ; 60 ; 4 
327 ; 30000.00 ; 60 ; 4 
327 ; 30000.00 ; 60 ; 4 
328 ; 125000.00 ; 225 ; 9 
328 ; 125000.00 ; 225 ; 9 
328 ; 125000.00 ; 225 ; 9 
328 ; 125000.00 ; 225 ; 9 
328 ; 125000.00 ; 225 ; 9 
328 ; 125000.00 ; 225 ; 9 
328 ; 125000.00 ; 225 ; 9 
328 ; 125000.00 ; 225 ; 9 
328 ; 125000.00 ; 225 ; 9 
329 ; 15000.00 ; 15 ; 1 
330 ; 125000.00 ; 225 ; 9 
330 ; 125000.00 ; 225 ; 9 
330 ; 125000.00 ; 225 ; 9 
330 ; 125000.00 ; 225 ; 9 
330 ; 125000.00 ; 225 ; 9 
330 ; 125000.00 ; 225 ; 9 
330 ; 125000.00 ; 225 ; 9 
330 ; 125000.00 ; 225 ; 9 
330 ; 125000.00 ; 225 ; 9 
331 ; 125000.00 ; 225 ; 9 
331 ; 125000.00 ; 225 ; 9 
331 ; 125000.00 ; 225 ; 9 
331 ; 125000.00 ; 225 ; 9 
331 ; 125000.00 ; 225 ; 9 
331 ; 125000.00 ; 225 ; 9 
331 ; 125000.00 ; 225 ; 9 
331 ; 125000.00 ; 225 ; 9 
331 ; 125000.00 ; 225 ; 9 
332 ; 15000.00 ; 15 ; 1 
333 ; 100000.00 ; 175 ; 7 
333 ; 100000.00 ; 175 ; 7 
333 ; 100000.00 ; 175 ; 7 
333 ; 100000.00 ; 175 ; 7 
333 ; 100000.00 ; 175 ; 7 
333 ; 100000.00 ; 175 ; 7 
333 ; 100000.00 ; 175 ; 7 
334 ; 125000.00 ; 225 ; 9 
334 ; 125000.00 ; 225 ; 9 
334 ; 125000.00 ; 225 ; 9 
334 ; 125000.00 ; 225 ; 9 
334 ; 125000.00 ; 225 ; 9 
334 ; 125000.00 ; 225 ; 9 
334 ; 125000.00 ; 225 ; 9 
334 ; 125000.00 ; 225 ; 9 
334 ; 125000.00 ; 225 ; 9 
335 ; 15000.00 ; 30 ; 2 
335 ; 15000.00 ; 30 ; 2 
336 ; 125000.00 ; 250 ; 10 
336 ; 125000.00 ; 250 ; 10 
336 ; 125000.00 ; 250 ; 10 
336 ; 125000.00 ; 250 ; 10 
336 ; 125000.00 ; 250 ; 10 
336 ; 125000.00 ; 250 ; 10 
336 ; 125000.00 ; 250 ; 10 
336 ; 125000.00 ; 250 ; 10 
336 ; 125000.00 ; 250 ; 10 
336 ; 125000.00 ; 250 ; 10 
337 ; 125000.00 ; 225 ; 9 
337 ; 125000.00 ; 225 ; 9 
337 ; 125000.00 ; 225 ; 9 
337 ; 125000.00 ; 225 ; 9 
337 ; 125000.00 ; 225 ; 9 
337 ; 125000.00 ; 225 ; 9 
337 ; 125000.00 ; 225 ; 9 
337 ; 125000.00 ; 225 ; 9 
337 ; 125000.00 ; 225 ; 9 
338 ; 125000.00 ; 250 ; 10 
338 ; 125000.00 ; 250 ; 10 
338 ; 125000.00 ; 250 ; 10 
338 ; 125000.00 ; 250 ; 10 
338 ; 125000.00 ; 250 ; 10 
338 ; 125000.00 ; 250 ; 10 
338 ; 125000.00 ; 250 ; 10 
338 ; 125000.00 ; 250 ; 10 
338 ; 125000.00 ; 250 ; 10 
338 ; 125000.00 ; 250 ; 10 
339 ; 100000.00 ; 200 ; 8 
339 ; 100000.00 ; 200 ; 8 
339 ; 100000.00 ; 200 ; 8 
339 ; 100000.00 ; 200 ; 8 
339 ; 100000.00 ; 200 ; 8 
339 ; 100000.00 ; 200 ; 8 
339 ; 100000.00 ; 200 ; 8 
339 ; 100000.00 ; 200 ; 8 
340 ; 30000.00 ; 45 ; 3 
340 ; 30000.00 ; 45 ; 3 
340 ; 30000.00 ; 45 ; 3 
341 ; 30000.00 ; 45 ; 3 
341 ; 30000.00 ; 45 ; 3 
341 ; 30000.00 ; 45 ; 3 
342 ; 125000.00 ; 225 ; 9 
342 ; 125000.00 ; 225 ; 9 
342 ; 125000.00 ; 225 ; 9 
342 ; 125000.00 ; 225 ; 9 
342 ; 125000.00 ; 225 ; 9 
342 ; 125000.00 ; 225 ; 9 
342 ; 125000.00 ; 225 ; 9 
342 ; 125000.00 ; 225 ; 9 
342 ; 125000.00 ; 225 ; 9 
343 ; 30000.00 ; 45 ; 3 
343 ; 30000.00 ; 45 ; 3 
343 ; 30000.00 ; 45 ; 3 
344 ; 125000.00 ; 225 ; 9 
344 ; 125000.00 ; 225 ; 9 
344 ; 125000.00 ; 225 ; 9 
344 ; 125000.00 ; 225 ; 9 
344 ; 125000.00 ; 225 ; 9 
344 ; 125000.00 ; 225 ; 9 
344 ; 125000.00 ; 225 ; 9 
344 ; 125000.00 ; 225 ; 9 
344 ; 125000.00 ; 225 ; 9 
345 ; 125000.00 ; 250 ; 10 
345 ; 125000.00 ; 250 ; 10 
345 ; 125000.00 ; 250 ; 10 
345 ; 125000.00 ; 250 ; 10 
345 ; 125000.00 ; 250 ; 10 
345 ; 125000.00 ; 250 ; 10 
345 ; 125000.00 ; 250 ; 10 
345 ; 125000.00 ; 250 ; 10 
345 ; 125000.00 ; 250 ; 10 
345 ; 125000.00 ; 250 ; 10 
346 ; 15000.00 ; 15 ; 1 
347 ; 100000.00 ; 200 ; 8 
347 ; 100000.00 ; 200 ; 8 
347 ; 100000.00 ; 200 ; 8 
347 ; 100000.00 ; 200 ; 8 
347 ; 100000.00 ; 200 ; 8 
347 ; 100000.00 ; 200 ; 8 
347 ; 100000.00 ; 200 ; 8 
347 ; 100000.00 ; 200 ; 8 
348 ; 125000.00 ; 225 ; 9 
348 ; 125000.00 ; 225 ; 9 
348 ; 125000.00 ; 225 ; 9 
348 ; 125000.00 ; 225 ; 9 
348 ; 125000.00 ; 225 ; 9 
348 ; 125000.00 ; 225 ; 9 
348 ; 125000.00 ; 225 ; 9 
348 ; 125000.00 ; 225 ; 9 
348 ; 125000.00 ; 225 ; 9 
349 ; 15000.00 ; 30 ; 2 
349 ; 15000.00 ; 30 ; 2 
350 ; 75000.00 ; 150 ; 6 
350 ; 75000.00 ; 150 ; 6 
350 ; 75000.00 ; 150 ; 6 
350 ; 75000.00 ; 150 ; 6 
350 ; 75000.00 ; 150 ; 6 
350 ; 75000.00 ; 150 ; 6 
351 ; 125000.00 ; 225 ; 9 
351 ; 125000.00 ; 225 ; 9 
351 ; 125000.00 ; 225 ; 9 
351 ; 125000.00 ; 225 ; 9 
351 ; 125000.00 ; 225 ; 9 
351 ; 125000.00 ; 225 ; 9 
351 ; 125000.00 ; 225 ; 9 
351 ; 125000.00 ; 225 ; 9 
351 ; 125000.00 ; 225 ; 9 
352 ; 100000.00 ; 175 ; 7 
352 ; 100000.00 ; 175 ; 7 
352 ; 100000.00 ; 175 ; 7 
352 ; 100000.00 ; 175 ; 7 
352 ; 100000.00 ; 175 ; 7 
352 ; 100000.00 ; 175 ; 7 
352 ; 100000.00 ; 175 ; 7 
353 ; 15000.00 ; 30 ; 2 
353 ; 15000.00 ; 30 ; 2 
354 ; 30000.00 ; 45 ; 3 
354 ; 30000.00 ; 45 ; 3 
354 ; 30000.00 ; 45 ; 3 
355 ; 45000.00 ; 75 ; 5 
355 ; 45000.00 ; 75 ; 5 
355 ; 45000.00 ; 75 ; 5 
355 ; 45000.00 ; 75 ; 5 
355 ; 45000.00 ; 75 ; 5 
356 ; 30000.00 ; 45 ; 3 
356 ; 30000.00 ; 45 ; 3 
356 ; 30000.00 ; 45 ; 3 
357 ; 75000.00 ; 150 ; 6 
357 ; 75000.00 ; 150 ; 6 
357 ; 75000.00 ; 150 ; 6 
357 ; 75000.00 ; 150 ; 6 
357 ; 75000.00 ; 150 ; 6 
357 ; 75000.00 ; 150 ; 6 
358 ; 125000.00 ; 225 ; 9 
358 ; 125000.00 ; 225 ; 9 
358 ; 125000.00 ; 225 ; 9 
358 ; 125000.00 ; 225 ; 9 
358 ; 125000.00 ; 225 ; 9 
358 ; 125000.00 ; 225 ; 9 
358 ; 125000.00 ; 225 ; 9 
358 ; 125000.00 ; 225 ; 9 
358 ; 125000.00 ; 225 ; 9 
359 ; 100000.00 ; 175 ; 7 
359 ; 100000.00 ; 175 ; 7 
359 ; 100000.00 ; 175 ; 7 
359 ; 100000.00 ; 175 ; 7 
359 ; 100000.00 ; 175 ; 7 
359 ; 100000.00 ; 175 ; 7 
359 ; 100000.00 ; 175 ; 7 
360 ; 30000.00 ; 45 ; 3 
360 ; 30000.00 ; 45 ; 3 
360 ; 30000.00 ; 45 ; 3 
361 ; 100000.00 ; 175 ; 7 
361 ; 100000.00 ; 175 ; 7 
361 ; 100000.00 ; 175 ; 7 
361 ; 100000.00 ; 175 ; 7 
361 ; 100000.00 ; 175 ; 7 
361 ; 100000.00 ; 175 ; 7 
361 ; 100000.00 ; 175 ; 7 
362 ; 75000.00 ; 150 ; 6 
362 ; 75000.00 ; 150 ; 6 
362 ; 75000.00 ; 150 ; 6 
362 ; 75000.00 ; 150 ; 6 
362 ; 75000.00 ; 150 ; 6 
362 ; 75000.00 ; 150 ; 6 
363 ; 30000.00 ; 60 ; 4 
363 ; 30000.00 ; 60 ; 4 
363 ; 30000.00 ; 60 ; 4 
363 ; 30000.00 ; 60 ; 4 
364 ; 125000.00 ; 250 ; 10 
364 ; 125000.00 ; 250 ; 10 
364 ; 125000.00 ; 250 ; 10 
364 ; 125000.00 ; 250 ; 10 
364 ; 125000.00 ; 250 ; 10 
364 ; 125000.00 ; 250 ; 10 
364 ; 125000.00 ; 250 ; 10 
364 ; 125000.00 ; 250 ; 10 
364 ; 125000.00 ; 250 ; 10 
364 ; 125000.00 ; 250 ; 10 
365 ; 30000.00 ; 45 ; 3 
365 ; 30000.00 ; 45 ; 3 
365 ; 30000.00 ; 45 ; 3 
366 ; 45000.00 ; 75 ; 5 
366 ; 45000.00 ; 75 ; 5 
366 ; 45000.00 ; 75 ; 5 
366 ; 45000.00 ; 75 ; 5 
366 ; 45000.00 ; 75 ; 5 
367 ; 100000.00 ; 175 ; 7 
367 ; 100000.00 ; 175 ; 7 
367 ; 100000.00 ; 175 ; 7 
367 ; 100000.00 ; 175 ; 7 
367 ; 100000.00 ; 175 ; 7 
367 ; 100000.00 ; 175 ; 7 
367 ; 100000.00 ; 175 ; 7 
368 ; 15000.00 ; 30 ; 2 
368 ; 15000.00 ; 30 ; 2 
369 ; 125000.00 ; 225 ; 9 
369 ; 125000.00 ; 225 ; 9 
369 ; 125000.00 ; 225 ; 9 
369 ; 125000.00 ; 225 ; 9 
369 ; 125000.00 ; 225 ; 9 
369 ; 125000.00 ; 225 ; 9 
369 ; 125000.00 ; 225 ; 9 
369 ; 125000.00 ; 225 ; 9 
369 ; 125000.00 ; 225 ; 9 
370 ; 30000.00 ; 45 ; 3 
370 ; 30000.00 ; 45 ; 3 
370 ; 30000.00 ; 45 ; 3 
371 ; 15000.00 ; 30 ; 2 
371 ; 15000.00 ; 30 ; 2 
372 ; 15000.00 ; 30 ; 2 
372 ; 15000.00 ; 30 ; 2 
373 ; 125000.00 ; 250 ; 10 
373 ; 125000.00 ; 250 ; 10 
373 ; 125000.00 ; 250 ; 10 
373 ; 125000.00 ; 250 ; 10 
373 ; 125000.00 ; 250 ; 10 
373 ; 125000.00 ; 250 ; 10 
373 ; 125000.00 ; 250 ; 10 
373 ; 125000.00 ; 250 ; 10 
373 ; 125000.00 ; 250 ; 10 
373 ; 125000.00 ; 250 ; 10 
374 ; 100000.00 ; 200 ; 8 
374 ; 100000.00 ; 200 ; 8 
374 ; 100000.00 ; 200 ; 8 
374 ; 100000.00 ; 200 ; 8 
374 ; 100000.00 ; 200 ; 8 
374 ; 100000.00 ; 200 ; 8 
374 ; 100000.00 ; 200 ; 8 
374 ; 100000.00 ; 200 ; 8 
375 ; 100000.00 ; 175 ; 7 
375 ; 100000.00 ; 175 ; 7 
375 ; 100000.00 ; 175 ; 7 
375 ; 100000.00 ; 175 ; 7 
375 ; 100000.00 ; 175 ; 7 
375 ; 100000.00 ; 175 ; 7 
375 ; 100000.00 ; 175 ; 7 
376 ; 30000.00 ; 45 ; 3 
376 ; 30000.00 ; 45 ; 3 
376 ; 30000.00 ; 45 ; 3 
377 ; 125000.00 ; 250 ; 10 
377 ; 125000.00 ; 250 ; 10 
377 ; 125000.00 ; 250 ; 10 
377 ; 125000.00 ; 250 ; 10 
377 ; 125000.00 ; 250 ; 10 
377 ; 125000.00 ; 250 ; 10 
377 ; 125000.00 ; 250 ; 10 
377 ; 125000.00 ; 250 ; 10 
377 ; 125000.00 ; 250 ; 10 
377 ; 125000.00 ; 250 ; 10 
378 ; 75000.00 ; 150 ; 6 
378 ; 75000.00 ; 150 ; 6 
378 ; 75000.00 ; 150 ; 6 
378 ; 75000.00 ; 150 ; 6 
378 ; 75000.00 ; 150 ; 6 
378 ; 75000.00 ; 150 ; 6 
379 ; 30000.00 ; 45 ; 3 
379 ; 30000.00 ; 45 ; 3 
379 ; 30000.00 ; 45 ; 3 
380 ; 15000.00 ; 15 ; 1 
381 ; 15000.00 ; 15 ; 1 
382 ; 30000.00 ; 60 ; 4 
382 ; 30000.00 ; 60 ; 4 
382 ; 30000.00 ; 60 ; 4 
382 ; 30000.00 ; 60 ; 4 
383 ; 125000.00 ; 250 ; 10 
383 ; 125000.00 ; 250 ; 10 
383 ; 125000.00 ; 250 ; 10 
383 ; 125000.00 ; 250 ; 10 
383 ; 125000.00 ; 250 ; 10 
383 ; 125000.00 ; 250 ; 10 
383 ; 125000.00 ; 250 ; 10 
383 ; 125000.00 ; 250 ; 10 
383 ; 125000.00 ; 250 ; 10 
383 ; 125000.00 ; 250 ; 10 
384 ; 15000.00 ; 30 ; 2 
384 ; 15000.00 ; 30 ; 2 
385 ; 125000.00 ; 225 ; 9 
385 ; 125000.00 ; 225 ; 9 
385 ; 125000.00 ; 225 ; 9 
385 ; 125000.00 ; 225 ; 9 
385 ; 125000.00 ; 225 ; 9 
385 ; 125000.00 ; 225 ; 9 
385 ; 125000.00 ; 225 ; 9 
385 ; 125000.00 ; 225 ; 9 
385 ; 125000.00 ; 225 ; 9 
386 ; 15000.00 ; 30 ; 2 
386 ; 15000.00 ; 30 ; 2 
387 ; 125000.00 ; 250 ; 10 
387 ; 125000.00 ; 250 ; 10 
387 ; 125000.00 ; 250 ; 10 
387 ; 125000.00 ; 250 ; 10 
387 ; 125000.00 ; 250 ; 10 
387 ; 125000.00 ; 250 ; 10 
387 ; 125000.00 ; 250 ; 10 
387 ; 125000.00 ; 250 ; 10 
387 ; 125000.00 ; 250 ; 10 
387 ; 125000.00 ; 250 ; 10 
388 ; 75000.00 ; 150 ; 6 
388 ; 75000.00 ; 150 ; 6 
388 ; 75000.00 ; 150 ; 6 
388 ; 75000.00 ; 150 ; 6 
388 ; 75000.00 ; 150 ; 6 
388 ; 75000.00 ; 150 ; 6 
389 ; 30000.00 ; 60 ; 4 
389 ; 30000.00 ; 60 ; 4 
389 ; 30000.00 ; 60 ; 4 
389 ; 30000.00 ; 60 ; 4 
390 ; 30000.00 ; 45 ; 3 
390 ; 30000.00 ; 45 ; 3 
390 ; 30000.00 ; 45 ; 3 
391 ; 75000.00 ; 150 ; 6 
391 ; 75000.00 ; 150 ; 6 
391 ; 75000.00 ; 150 ; 6 
391 ; 75000.00 ; 150 ; 6 
391 ; 75000.00 ; 150 ; 6 
391 ; 75000.00 ; 150 ; 6 
392 ; 30000.00 ; 45 ; 3 
392 ; 30000.00 ; 45 ; 3 
392 ; 30000.00 ; 45 ; 3 
393 ; 75000.00 ; 150 ; 6 
393 ; 75000.00 ; 150 ; 6 
393 ; 75000.00 ; 150 ; 6 
393 ; 75000.00 ; 150 ; 6 
393 ; 75000.00 ; 150 ; 6 
393 ; 75000.00 ; 150 ; 6 
394 ; 125000.00 ; 225 ; 9 
394 ; 125000.00 ; 225 ; 9 
394 ; 125000.00 ; 225 ; 9 
394 ; 125000.00 ; 225 ; 9 
394 ; 125000.00 ; 225 ; 9 
394 ; 125000.00 ; 225 ; 9 
394 ; 125000.00 ; 225 ; 9 
394 ; 125000.00 ; 225 ; 9 
394 ; 125000.00 ; 225 ; 9 
395 ; 100000.00 ; 175 ; 7 
395 ; 100000.00 ; 175 ; 7 
395 ; 100000.00 ; 175 ; 7 
395 ; 100000.00 ; 175 ; 7 
395 ; 100000.00 ; 175 ; 7 
395 ; 100000.00 ; 175 ; 7 
395 ; 100000.00 ; 175 ; 7 
396 ; 100000.00 ; 200 ; 8 
396 ; 100000.00 ; 200 ; 8 
396 ; 100000.00 ; 200 ; 8 
396 ; 100000.00 ; 200 ; 8 
396 ; 100000.00 ; 200 ; 8 
396 ; 100000.00 ; 200 ; 8 
396 ; 100000.00 ; 200 ; 8 
396 ; 100000.00 ; 200 ; 8 
397 ; 100000.00 ; 200 ; 8 
397 ; 100000.00 ; 200 ; 8 
397 ; 100000.00 ; 200 ; 8 
397 ; 100000.00 ; 200 ; 8 
397 ; 100000.00 ; 200 ; 8 
397 ; 100000.00 ; 200 ; 8 
397 ; 100000.00 ; 200 ; 8 
397 ; 100000.00 ; 200 ; 8 
398 ; 30000.00 ; 45 ; 3 
398 ; 30000.00 ; 45 ; 3 
398 ; 30000.00 ; 45 ; 3 
399 ; 30000.00 ; 45 ; 3 
399 ; 30000.00 ; 45 ; 3 
399 ; 30000.00 ; 45 ; 3 
400 ; 125000.00 ; 250 ; 10 
400 ; 125000.00 ; 250 ; 10 
400 ; 125000.00 ; 250 ; 10 
400 ; 125000.00 ; 250 ; 10 
400 ; 125000.00 ; 250 ; 10 
400 ; 125000.00 ; 250 ; 10 
400 ; 125000.00 ; 250 ; 10 
400 ; 125000.00 ; 250 ; 10 
400 ; 125000.00 ; 250 ; 10 
400 ; 125000.00 ; 250 ; 10 
401 ; 45000.00 ; 75 ; 5 
401 ; 45000.00 ; 75 ; 5 
401 ; 45000.00 ; 75 ; 5 
401 ; 45000.00 ; 75 ; 5 
401 ; 45000.00 ; 75 ; 5 
402 ; 15000.00 ; 30 ; 2 
402 ; 15000.00 ; 30 ; 2 
403 ; 125000.00 ; 250 ; 10 
403 ; 125000.00 ; 250 ; 10 
403 ; 125000.00 ; 250 ; 10 
403 ; 125000.00 ; 250 ; 10 
403 ; 125000.00 ; 250 ; 10 
403 ; 125000.00 ; 250 ; 10 
403 ; 125000.00 ; 250 ; 10 
403 ; 125000.00 ; 250 ; 10 
403 ; 125000.00 ; 250 ; 10 
403 ; 125000.00 ; 250 ; 10 
404 ; 100000.00 ; 175 ; 7 
404 ; 100000.00 ; 175 ; 7 
404 ; 100000.00 ; 175 ; 7 
404 ; 100000.00 ; 175 ; 7 
404 ; 100000.00 ; 175 ; 7 
404 ; 100000.00 ; 175 ; 7 
404 ; 100000.00 ; 175 ; 7 
405 ; 125000.00 ; 250 ; 10 
405 ; 125000.00 ; 250 ; 10 
405 ; 125000.00 ; 250 ; 10 
405 ; 125000.00 ; 250 ; 10 
405 ; 125000.00 ; 250 ; 10 
405 ; 125000.00 ; 250 ; 10 
405 ; 125000.00 ; 250 ; 10 
405 ; 125000.00 ; 250 ; 10 
405 ; 125000.00 ; 250 ; 10 
405 ; 125000.00 ; 250 ; 10 
406 ; 125000.00 ; 225 ; 9 
406 ; 125000.00 ; 225 ; 9 
406 ; 125000.00 ; 225 ; 9 
406 ; 125000.00 ; 225 ; 9 
406 ; 125000.00 ; 225 ; 9 
406 ; 125000.00 ; 225 ; 9 
406 ; 125000.00 ; 225 ; 9 
406 ; 125000.00 ; 225 ; 9 
406 ; 125000.00 ; 225 ; 9 
407 ; 30000.00 ; 45 ; 3 
407 ; 30000.00 ; 45 ; 3 
407 ; 30000.00 ; 45 ; 3 
408 ; 75000.00 ; 150 ; 6 
408 ; 75000.00 ; 150 ; 6 
408 ; 75000.00 ; 150 ; 6 
408 ; 75000.00 ; 150 ; 6 
408 ; 75000.00 ; 150 ; 6 
408 ; 75000.00 ; 150 ; 6 
409 ; 75000.00 ; 150 ; 6 
409 ; 75000.00 ; 150 ; 6 
409 ; 75000.00 ; 150 ; 6 
409 ; 75000.00 ; 150 ; 6 
409 ; 75000.00 ; 150 ; 6 
409 ; 75000.00 ; 150 ; 6 
410 ; 45000.00 ; 75 ; 5 
410 ; 45000.00 ; 75 ; 5 
410 ; 45000.00 ; 75 ; 5 
410 ; 45000.00 ; 75 ; 5 
410 ; 45000.00 ; 75 ; 5 
411 ; 125000.00 ; 250 ; 10 
411 ; 125000.00 ; 250 ; 10 
411 ; 125000.00 ; 250 ; 10 
411 ; 125000.00 ; 250 ; 10 
411 ; 125000.00 ; 250 ; 10 
411 ; 125000.00 ; 250 ; 10 
411 ; 125000.00 ; 250 ; 10 
411 ; 125000.00 ; 250 ; 10 
411 ; 125000.00 ; 250 ; 10 
411 ; 125000.00 ; 250 ; 10 
412 ; 15000.00 ; 30 ; 2 
412 ; 15000.00 ; 30 ; 2 
413 ; 30000.00 ; 45 ; 3 
413 ; 30000.00 ; 45 ; 3 
413 ; 30000.00 ; 45 ; 3 
414 ; 75000.00 ; 150 ; 6 
414 ; 75000.00 ; 150 ; 6 
414 ; 75000.00 ; 150 ; 6 
414 ; 75000.00 ; 150 ; 6 
414 ; 75000.00 ; 150 ; 6 
414 ; 75000.00 ; 150 ; 6 
415 ; 15000.00 ; 15 ; 1 
416 ; 125000.00 ; 225 ; 9 
416 ; 125000.00 ; 225 ; 9 
416 ; 125000.00 ; 225 ; 9 
416 ; 125000.00 ; 225 ; 9 
416 ; 125000.00 ; 225 ; 9 
416 ; 125000.00 ; 225 ; 9 
416 ; 125000.00 ; 225 ; 9 
416 ; 125000.00 ; 225 ; 9 
416 ; 125000.00 ; 225 ; 9 
417 ; 30000.00 ; 60 ; 4 
417 ; 30000.00 ; 60 ; 4 
417 ; 30000.00 ; 60 ; 4 
417 ; 30000.00 ; 60 ; 4 
418 ; 125000.00 ; 250 ; 10 
418 ; 125000.00 ; 250 ; 10 
418 ; 125000.00 ; 250 ; 10 
418 ; 125000.00 ; 250 ; 10 
418 ; 125000.00 ; 250 ; 10 
418 ; 125000.00 ; 250 ; 10 
418 ; 125000.00 ; 250 ; 10 
418 ; 125000.00 ; 250 ; 10 
418 ; 125000.00 ; 250 ; 10 
418 ; 125000.00 ; 250 ; 10 
419 ; 30000.00 ; 60 ; 4 
419 ; 30000.00 ; 60 ; 4 
419 ; 30000.00 ; 60 ; 4 
419 ; 30000.00 ; 60 ; 4 
420 ; 125000.00 ; 250 ; 10 
420 ; 125000.00 ; 250 ; 10 
420 ; 125000.00 ; 250 ; 10 
420 ; 125000.00 ; 250 ; 10 
420 ; 125000.00 ; 250 ; 10 
420 ; 125000.00 ; 250 ; 10 
420 ; 125000.00 ; 250 ; 10 
420 ; 125000.00 ; 250 ; 10 
420 ; 125000.00 ; 250 ; 10 
420 ; 125000.00 ; 250 ; 10 
421 ; 100000.00 ; 175 ; 7 
421 ; 100000.00 ; 175 ; 7 
421 ; 100000.00 ; 175 ; 7 
421 ; 100000.00 ; 175 ; 7 
421 ; 100000.00 ; 175 ; 7 
421 ; 100000.00 ; 175 ; 7 
421 ; 100000.00 ; 175 ; 7 
422 ; 100000.00 ; 200 ; 8 
422 ; 100000.00 ; 200 ; 8 
422 ; 100000.00 ; 200 ; 8 
422 ; 100000.00 ; 200 ; 8 
422 ; 100000.00 ; 200 ; 8 
422 ; 100000.00 ; 200 ; 8 
422 ; 100000.00 ; 200 ; 8 
422 ; 100000.00 ; 200 ; 8 
423 ; 125000.00 ; 250 ; 10 
423 ; 125000.00 ; 250 ; 10 
423 ; 125000.00 ; 250 ; 10 
423 ; 125000.00 ; 250 ; 10 
423 ; 125000.00 ; 250 ; 10 
423 ; 125000.00 ; 250 ; 10 
423 ; 125000.00 ; 250 ; 10 
423 ; 125000.00 ; 250 ; 10 
423 ; 125000.00 ; 250 ; 10 
423 ; 125000.00 ; 250 ; 10 
424 ; 125000.00 ; 250 ; 10 
424 ; 125000.00 ; 250 ; 10 
424 ; 125000.00 ; 250 ; 10 
424 ; 125000.00 ; 250 ; 10 
424 ; 125000.00 ; 250 ; 10 
424 ; 125000.00 ; 250 ; 10 
424 ; 125000.00 ; 250 ; 10 
424 ; 125000.00 ; 250 ; 10 
424 ; 125000.00 ; 250 ; 10 
424 ; 125000.00 ; 250 ; 10 
425 ; 100000.00 ; 200 ; 8 
425 ; 100000.00 ; 200 ; 8 
425 ; 100000.00 ; 200 ; 8 
425 ; 100000.00 ; 200 ; 8 
425 ; 100000.00 ; 200 ; 8 
425 ; 100000.00 ; 200 ; 8 
425 ; 100000.00 ; 200 ; 8 
425 ; 100000.00 ; 200 ; 8 
426 ; 100000.00 ; 175 ; 7 
426 ; 100000.00 ; 175 ; 7 
426 ; 100000.00 ; 175 ; 7 
426 ; 100000.00 ; 175 ; 7 
426 ; 100000.00 ; 175 ; 7 
426 ; 100000.00 ; 175 ; 7 
426 ; 100000.00 ; 175 ; 7 
427 ; 125000.00 ; 250 ; 10 
427 ; 125000.00 ; 250 ; 10 
427 ; 125000.00 ; 250 ; 10 
427 ; 125000.00 ; 250 ; 10 
427 ; 125000.00 ; 250 ; 10 
427 ; 125000.00 ; 250 ; 10 
427 ; 125000.00 ; 250 ; 10 
427 ; 125000.00 ; 250 ; 10 
427 ; 125000.00 ; 250 ; 10 
427 ; 125000.00 ; 250 ; 10 
428 ; 30000.00 ; 60 ; 4 
428 ; 30000.00 ; 60 ; 4 
428 ; 30000.00 ; 60 ; 4 
428 ; 30000.00 ; 60 ; 4 
429 ; 75000.00 ; 150 ; 6 
429 ; 75000.00 ; 150 ; 6 
429 ; 75000.00 ; 150 ; 6 
429 ; 75000.00 ; 150 ; 6 
429 ; 75000.00 ; 150 ; 6 
429 ; 75000.00 ; 150 ; 6 
430 ; 100000.00 ; 200 ; 8 
430 ; 100000.00 ; 200 ; 8 
430 ; 100000.00 ; 200 ; 8 
430 ; 100000.00 ; 200 ; 8 
430 ; 100000.00 ; 200 ; 8 
430 ; 100000.00 ; 200 ; 8 
430 ; 100000.00 ; 200 ; 8 
430 ; 100000.00 ; 200 ; 8 
431 ; 100000.00 ; 175 ; 7 
431 ; 100000.00 ; 175 ; 7 
431 ; 100000.00 ; 175 ; 7 
431 ; 100000.00 ; 175 ; 7 
431 ; 100000.00 ; 175 ; 7 
431 ; 100000.00 ; 175 ; 7 
431 ; 100000.00 ; 175 ; 7 
432 ; 100000.00 ; 175 ; 7 
432 ; 100000.00 ; 175 ; 7 
432 ; 100000.00 ; 175 ; 7 
432 ; 100000.00 ; 175 ; 7 
432 ; 100000.00 ; 175 ; 7 
432 ; 100000.00 ; 175 ; 7 
432 ; 100000.00 ; 175 ; 7 
433 ; 75000.00 ; 150 ; 6 
433 ; 75000.00 ; 150 ; 6 
433 ; 75000.00 ; 150 ; 6 
433 ; 75000.00 ; 150 ; 6 
433 ; 75000.00 ; 150 ; 6 
433 ; 75000.00 ; 150 ; 6 
434 ; 125000.00 ; 225 ; 9 
434 ; 125000.00 ; 225 ; 9 
434 ; 125000.00 ; 225 ; 9 
434 ; 125000.00 ; 225 ; 9 
434 ; 125000.00 ; 225 ; 9 
434 ; 125000.00 ; 225 ; 9 
434 ; 125000.00 ; 225 ; 9 
434 ; 125000.00 ; 225 ; 9 
434 ; 125000.00 ; 225 ; 9 
435 ; 30000.00 ; 45 ; 3 
435 ; 30000.00 ; 45 ; 3 
435 ; 30000.00 ; 45 ; 3 
436 ; 75000.00 ; 150 ; 6 
436 ; 75000.00 ; 150 ; 6 
436 ; 75000.00 ; 150 ; 6 
436 ; 75000.00 ; 150 ; 6 
436 ; 75000.00 ; 150 ; 6 
436 ; 75000.00 ; 150 ; 6 
437 ; 45000.00 ; 75 ; 5 
437 ; 45000.00 ; 75 ; 5 
437 ; 45000.00 ; 75 ; 5 
437 ; 45000.00 ; 75 ; 5 
437 ; 45000.00 ; 75 ; 5 
438 ; 45000.00 ; 75 ; 5 
438 ; 45000.00 ; 75 ; 5 
438 ; 45000.00 ; 75 ; 5 
438 ; 45000.00 ; 75 ; 5 
438 ; 45000.00 ; 75 ; 5 
439 ; 15000.00 ; 30 ; 2 
439 ; 15000.00 ; 30 ; 2 
440 ; 100000.00 ; 175 ; 7 
440 ; 100000.00 ; 175 ; 7 
440 ; 100000.00 ; 175 ; 7 
440 ; 100000.00 ; 175 ; 7 
440 ; 100000.00 ; 175 ; 7 
440 ; 100000.00 ; 175 ; 7 
440 ; 100000.00 ; 175 ; 7 
441 ; 15000.00 ; 30 ; 2 
441 ; 15000.00 ; 30 ; 2 
442 ; 100000.00 ; 175 ; 7 
442 ; 100000.00 ; 175 ; 7 
442 ; 100000.00 ; 175 ; 7 
442 ; 100000.00 ; 175 ; 7 
442 ; 100000.00 ; 175 ; 7 
442 ; 100000.00 ; 175 ; 7 
442 ; 100000.00 ; 175 ; 7 
443 ; 30000.00 ; 60 ; 4 
443 ; 30000.00 ; 60 ; 4 
443 ; 30000.00 ; 60 ; 4 
443 ; 30000.00 ; 60 ; 4 
444 ; 30000.00 ; 60 ; 4 
444 ; 30000.00 ; 60 ; 4 
444 ; 30000.00 ; 60 ; 4 
444 ; 30000.00 ; 60 ; 4 
445 ; 75000.00 ; 150 ; 6 
445 ; 75000.00 ; 150 ; 6 
445 ; 75000.00 ; 150 ; 6 
445 ; 75000.00 ; 150 ; 6 
445 ; 75000.00 ; 150 ; 6 
445 ; 75000.00 ; 150 ; 6 
446 ; 75000.00 ; 150 ; 6 
446 ; 75000.00 ; 150 ; 6 
446 ; 75000.00 ; 150 ; 6 
446 ; 75000.00 ; 150 ; 6 
446 ; 75000.00 ; 150 ; 6 
446 ; 75000.00 ; 150 ; 6 
447 ; 30000.00 ; 60 ; 4 
447 ; 30000.00 ; 60 ; 4 
447 ; 30000.00 ; 60 ; 4 
447 ; 30000.00 ; 60 ; 4 
448 ; 30000.00 ; 45 ; 3 
448 ; 30000.00 ; 45 ; 3 
448 ; 30000.00 ; 45 ; 3 
449 ; 125000.00 ; 225 ; 9 
449 ; 125000.00 ; 225 ; 9 
449 ; 125000.00 ; 225 ; 9 
449 ; 125000.00 ; 225 ; 9 
449 ; 125000.00 ; 225 ; 9 
449 ; 125000.00 ; 225 ; 9 
449 ; 125000.00 ; 225 ; 9 
449 ; 125000.00 ; 225 ; 9 
449 ; 125000.00 ; 225 ; 9 
450 ; 30000.00 ; 45 ; 3 
450 ; 30000.00 ; 45 ; 3 
450 ; 30000.00 ; 45 ; 3 
451 ; 75000.00 ; 150 ; 6 
451 ; 75000.00 ; 150 ; 6 
451 ; 75000.00 ; 150 ; 6 
451 ; 75000.00 ; 150 ; 6 
451 ; 75000.00 ; 150 ; 6 
451 ; 75000.00 ; 150 ; 6 
452 ; 30000.00 ; 60 ; 4 
452 ; 30000.00 ; 60 ; 4 
452 ; 30000.00 ; 60 ; 4 
452 ; 30000.00 ; 60 ; 4 
453 ; 100000.00 ; 175 ; 7 
453 ; 100000.00 ; 175 ; 7 
453 ; 100000.00 ; 175 ; 7 
453 ; 100000.00 ; 175 ; 7 
453 ; 100000.00 ; 175 ; 7 
453 ; 100000.00 ; 175 ; 7 
453 ; 100000.00 ; 175 ; 7 
454 ; 15000.00 ; 30 ; 2 
454 ; 15000.00 ; 30 ; 2 
455 ; 125000.00 ; 225 ; 9 
455 ; 125000.00 ; 225 ; 9 
455 ; 125000.00 ; 225 ; 9 
455 ; 125000.00 ; 225 ; 9 
455 ; 125000.00 ; 225 ; 9 
455 ; 125000.00 ; 225 ; 9 
455 ; 125000.00 ; 225 ; 9 
455 ; 125000.00 ; 225 ; 9 
455 ; 125000.00 ; 225 ; 9 
456 ; 100000.00 ; 175 ; 7 
456 ; 100000.00 ; 175 ; 7 
456 ; 100000.00 ; 175 ; 7 
456 ; 100000.00 ; 175 ; 7 
456 ; 100000.00 ; 175 ; 7 
456 ; 100000.00 ; 175 ; 7 
456 ; 100000.00 ; 175 ; 7 
457 ; 30000.00 ; 45 ; 3 
457 ; 30000.00 ; 45 ; 3 
457 ; 30000.00 ; 45 ; 3 
458 ; 15000.00 ; 30 ; 2 
458 ; 15000.00 ; 30 ; 2 
459 ; 45000.00 ; 75 ; 5 
459 ; 45000.00 ; 75 ; 5 
459 ; 45000.00 ; 75 ; 5 
459 ; 45000.00 ; 75 ; 5 
459 ; 45000.00 ; 75 ; 5 
460 ; 100000.00 ; 175 ; 7 
460 ; 100000.00 ; 175 ; 7 
460 ; 100000.00 ; 175 ; 7 
460 ; 100000.00 ; 175 ; 7 
460 ; 100000.00 ; 175 ; 7 
460 ; 100000.00 ; 175 ; 7 
460 ; 100000.00 ; 175 ; 7 
461 ; 30000.00 ; 45 ; 3 
461 ; 30000.00 ; 45 ; 3 
461 ; 30000.00 ; 45 ; 3 
462 ; 125000.00 ; 250 ; 10 
462 ; 125000.00 ; 250 ; 10 
462 ; 125000.00 ; 250 ; 10 
462 ; 125000.00 ; 250 ; 10 
462 ; 125000.00 ; 250 ; 10 
462 ; 125000.00 ; 250 ; 10 
462 ; 125000.00 ; 250 ; 10 
462 ; 125000.00 ; 250 ; 10 
462 ; 125000.00 ; 250 ; 10 
462 ; 125000.00 ; 250 ; 10 
463 ; 15000.00 ; 30 ; 2 
463 ; 15000.00 ; 30 ; 2 
464 ; 75000.00 ; 150 ; 6 
464 ; 75000.00 ; 150 ; 6 
464 ; 75000.00 ; 150 ; 6 
464 ; 75000.00 ; 150 ; 6 
464 ; 75000.00 ; 150 ; 6 
464 ; 75000.00 ; 150 ; 6 
465 ; 15000.00 ; 15 ; 1 
466 ; 30000.00 ; 60 ; 4 
466 ; 30000.00 ; 60 ; 4 
466 ; 30000.00 ; 60 ; 4 
466 ; 30000.00 ; 60 ; 4 
467 ; 100000.00 ; 175 ; 7 
467 ; 100000.00 ; 175 ; 7 
467 ; 100000.00 ; 175 ; 7 
467 ; 100000.00 ; 175 ; 7 
467 ; 100000.00 ; 175 ; 7 
467 ; 100000.00 ; 175 ; 7 
467 ; 100000.00 ; 175 ; 7 
468 ; 45000.00 ; 75 ; 5 
468 ; 45000.00 ; 75 ; 5 
468 ; 45000.00 ; 75 ; 5 
468 ; 45000.00 ; 75 ; 5 
468 ; 45000.00 ; 75 ; 5 
469 ; 125000.00 ; 250 ; 10 
469 ; 125000.00 ; 250 ; 10 
469 ; 125000.00 ; 250 ; 10 
469 ; 125000.00 ; 250 ; 10 
469 ; 125000.00 ; 250 ; 10 
469 ; 125000.00 ; 250 ; 10 
469 ; 125000.00 ; 250 ; 10 
469 ; 125000.00 ; 250 ; 10 
469 ; 125000.00 ; 250 ; 10 
469 ; 125000.00 ; 250 ; 10 
470 ; 30000.00 ; 45 ; 3 
470 ; 30000.00 ; 45 ; 3 
470 ; 30000.00 ; 45 ; 3 
471 ; 125000.00 ; 250 ; 10 
471 ; 125000.00 ; 250 ; 10 
471 ; 125000.00 ; 250 ; 10 
471 ; 125000.00 ; 250 ; 10 
471 ; 125000.00 ; 250 ; 10 
471 ; 125000.00 ; 250 ; 10 
471 ; 125000.00 ; 250 ; 10 
471 ; 125000.00 ; 250 ; 10 
471 ; 125000.00 ; 250 ; 10 
471 ; 125000.00 ; 250 ; 10 
472 ; 30000.00 ; 60 ; 4 
472 ; 30000.00 ; 60 ; 4 
472 ; 30000.00 ; 60 ; 4 
472 ; 30000.00 ; 60 ; 4 
473 ; 45000.00 ; 75 ; 5 
473 ; 45000.00 ; 75 ; 5 
473 ; 45000.00 ; 75 ; 5 
473 ; 45000.00 ; 75 ; 5 
473 ; 45000.00 ; 75 ; 5 
474 ; 45000.00 ; 75 ; 5 
474 ; 45000.00 ; 75 ; 5 
474 ; 45000.00 ; 75 ; 5 
474 ; 45000.00 ; 75 ; 5 
474 ; 45000.00 ; 75 ; 5 
475 ; 15000.00 ; 15 ; 1 
476 ; 75000.00 ; 150 ; 6 
476 ; 75000.00 ; 150 ; 6 
476 ; 75000.00 ; 150 ; 6 
476 ; 75000.00 ; 150 ; 6 
476 ; 75000.00 ; 150 ; 6 
476 ; 75000.00 ; 150 ; 6 
477 ; 125000.00 ; 250 ; 10 
477 ; 125000.00 ; 250 ; 10 
477 ; 125000.00 ; 250 ; 10 
477 ; 125000.00 ; 250 ; 10 
477 ; 125000.00 ; 250 ; 10 
477 ; 125000.00 ; 250 ; 10 
477 ; 125000.00 ; 250 ; 10 
477 ; 125000.00 ; 250 ; 10 
477 ; 125000.00 ; 250 ; 10 
477 ; 125000.00 ; 250 ; 10 
478 ; 100000.00 ; 175 ; 7 
478 ; 100000.00 ; 175 ; 7 
478 ; 100000.00 ; 175 ; 7 
478 ; 100000.00 ; 175 ; 7 
478 ; 100000.00 ; 175 ; 7 
478 ; 100000.00 ; 175 ; 7 
478 ; 100000.00 ; 175 ; 7 
479 ; 30000.00 ; 60 ; 4 
479 ; 30000.00 ; 60 ; 4 
479 ; 30000.00 ; 60 ; 4 
479 ; 30000.00 ; 60 ; 4 
480 ; 45000.00 ; 75 ; 5 
480 ; 45000.00 ; 75 ; 5 
480 ; 45000.00 ; 75 ; 5 
480 ; 45000.00 ; 75 ; 5 
480 ; 45000.00 ; 75 ; 5 
481 ; 30000.00 ; 45 ; 3 
481 ; 30000.00 ; 45 ; 3 
481 ; 30000.00 ; 45 ; 3 
482 ; 125000.00 ; 225 ; 9 
482 ; 125000.00 ; 225 ; 9 
482 ; 125000.00 ; 225 ; 9 
482 ; 125000.00 ; 225 ; 9 
482 ; 125000.00 ; 225 ; 9 
482 ; 125000.00 ; 225 ; 9 
482 ; 125000.00 ; 225 ; 9 
482 ; 125000.00 ; 225 ; 9 
482 ; 125000.00 ; 225 ; 9 
483 ; 125000.00 ; 225 ; 9 
483 ; 125000.00 ; 225 ; 9 
483 ; 125000.00 ; 225 ; 9 
483 ; 125000.00 ; 225 ; 9 
483 ; 125000.00 ; 225 ; 9 
483 ; 125000.00 ; 225 ; 9 
483 ; 125000.00 ; 225 ; 9 
483 ; 125000.00 ; 225 ; 9 
483 ; 125000.00 ; 225 ; 9 
484 ; 100000.00 ; 200 ; 8 
484 ; 100000.00 ; 200 ; 8 
484 ; 100000.00 ; 200 ; 8 
484 ; 100000.00 ; 200 ; 8 
484 ; 100000.00 ; 200 ; 8 
484 ; 100000.00 ; 200 ; 8 
484 ; 100000.00 ; 200 ; 8 
484 ; 100000.00 ; 200 ; 8 
485 ; 75000.00 ; 150 ; 6 
485 ; 75000.00 ; 150 ; 6 
485 ; 75000.00 ; 150 ; 6 
485 ; 75000.00 ; 150 ; 6 
485 ; 75000.00 ; 150 ; 6 
485 ; 75000.00 ; 150 ; 6 
486 ; 125000.00 ; 225 ; 9 
486 ; 125000.00 ; 225 ; 9 
486 ; 125000.00 ; 225 ; 9 
486 ; 125000.00 ; 225 ; 9 
486 ; 125000.00 ; 225 ; 9 
486 ; 125000.00 ; 225 ; 9 
486 ; 125000.00 ; 225 ; 9 
486 ; 125000.00 ; 225 ; 9 
486 ; 125000.00 ; 225 ; 9 
487 ; 15000.00 ; 30 ; 2 
487 ; 15000.00 ; 30 ; 2 
488 ; 30000.00 ; 45 ; 3 
488 ; 30000.00 ; 45 ; 3 
488 ; 30000.00 ; 45 ; 3 
489 ; 75000.00 ; 150 ; 6 
489 ; 75000.00 ; 150 ; 6 
489 ; 75000.00 ; 150 ; 6 
489 ; 75000.00 ; 150 ; 6 
489 ; 75000.00 ; 150 ; 6 
489 ; 75000.00 ; 150 ; 6 
490 ; 100000.00 ; 200 ; 8 
490 ; 100000.00 ; 200 ; 8 
490 ; 100000.00 ; 200 ; 8 
490 ; 100000.00 ; 200 ; 8 
490 ; 100000.00 ; 200 ; 8 
490 ; 100000.00 ; 200 ; 8 
490 ; 100000.00 ; 200 ; 8 
490 ; 100000.00 ; 200 ; 8 
491 ; 45000.00 ; 75 ; 5 
491 ; 45000.00 ; 75 ; 5 
491 ; 45000.00 ; 75 ; 5 
491 ; 45000.00 ; 75 ; 5 
491 ; 45000.00 ; 75 ; 5 
492 ; 45000.00 ; 75 ; 5 
492 ; 45000.00 ; 75 ; 5 
492 ; 45000.00 ; 75 ; 5 
492 ; 45000.00 ; 75 ; 5 
492 ; 45000.00 ; 75 ; 5 
493 ; 45000.00 ; 75 ; 5 
493 ; 45000.00 ; 75 ; 5 
493 ; 45000.00 ; 75 ; 5 
493 ; 45000.00 ; 75 ; 5 
493 ; 45000.00 ; 75 ; 5 
494 ; 45000.00 ; 75 ; 5 
494 ; 45000.00 ; 75 ; 5 
494 ; 45000.00 ; 75 ; 5 
494 ; 45000.00 ; 75 ; 5 
494 ; 45000.00 ; 75 ; 5 
495 ; 45000.00 ; 75 ; 5 
495 ; 45000.00 ; 75 ; 5 
495 ; 45000.00 ; 75 ; 5 
495 ; 45000.00 ; 75 ; 5 
495 ; 45000.00 ; 75 ; 5 
496 ; 30000.00 ; 45 ; 3 
496 ; 30000.00 ; 45 ; 3 
496 ; 30000.00 ; 45 ; 3 
497 ; 125000.00 ; 250 ; 10 
497 ; 125000.00 ; 250 ; 10 
497 ; 125000.00 ; 250 ; 10 
497 ; 125000.00 ; 250 ; 10 
497 ; 125000.00 ; 250 ; 10 
497 ; 125000.00 ; 250 ; 10 
497 ; 125000.00 ; 250 ; 10 
497 ; 125000.00 ; 250 ; 10 
497 ; 125000.00 ; 250 ; 10 
497 ; 125000.00 ; 250 ; 10 
498 ; 30000.00 ; 60 ; 4 
498 ; 30000.00 ; 60 ; 4 
498 ; 30000.00 ; 60 ; 4 
498 ; 30000.00 ; 60 ; 4 
499 ; 15000.00 ; 15 ; 1 
500 ; 100000.00 ; 200 ; 8 
500 ; 100000.00 ; 200 ; 8 
500 ; 100000.00 ; 200 ; 8 
500 ; 100000.00 ; 200 ; 8 
500 ; 100000.00 ; 200 ; 8 
500 ; 100000.00 ; 200 ; 8 
500 ; 100000.00 ; 200 ; 8 
500 ; 100000.00 ; 200 ; 8 
